parameters: 
starting potential, V: -0.5
end potential, V: 0.3
step potential, V: 0.002
frequency, Hz: 25
amplitude, V: 0.02
potential/V SWV_Current/A Ox_Current/A
-0.5 5.47727e-13 3.30257e-13
-0.498 5.96113e-13 3.69953e-13
-0.496 6.45826e-13 4.08438e-13
-0.494 6.99292e-13 4.49196e-13
-0.492 7.571e-13 4.92899e-13
-0.49 8.1965e-13 5.39892e-13
-0.488 8.87342e-13 5.90486e-13
-0.486 9.60602e-13 6.45006e-13
-0.484 1.03989e-12 7.03799e-13
-0.482 1.12571e-12 7.67238e-13
-0.48 1.21859e-12 8.35723e-13
-0.478 1.31912e-12 9.09686e-13
-0.476 1.42793e-12 9.89594e-13
-0.474 1.5457e-12 1.07595e-12
-0.472 1.67318e-12 1.16929e-12
-0.47 1.81116e-12 1.27021e-12
-0.468 1.96052e-12 1.37933e-12
-0.466 2.12218e-12 1.49735e-12
-0.464 2.29716e-12 1.625e-12
-0.462 2.48657e-12 1.76308e-12
-0.46 2.69159e-12 1.91245e-12
-0.458 2.9135e-12 2.07406e-12
-0.456 3.15371e-12 2.24891e-12
-0.454 3.41372e-12 2.43811e-12
-0.452 3.69515e-12 2.64283e-12
-0.45 3.99979e-12 2.86437e-12
-0.448 4.32954e-12 3.10411e-12
-0.446 4.68646e-12 3.36355e-12
-0.444 5.07281e-12 3.64432e-12
-0.442 5.49101e-12 3.94818e-12
-0.44 5.94367e-12 4.27704e-12
-0.438 6.43366e-12 4.63296e-12
-0.436 6.96403e-12 5.01817e-12
-0.434 7.53812e-12 5.4351e-12
-0.432 8.15953e-12 5.88635e-12
-0.43 8.83217e-12 6.37475e-12
-0.428 9.56026e-12 6.90338e-12
-0.426 1.03484e-11 7.47554e-12
-0.424 1.12014e-11 8.09483e-12
-0.422 1.21248e-11 8.76514e-12
-0.42 1.31243e-11 9.49067e-12
-0.418 1.42062e-11 1.0276e-11
-0.416 1.53773e-11 1.1126e-11
-0.414 1.66449e-11 1.2046e-11
-0.412 1.8017e-11 1.30419e-11
-0.41 1.95023e-11 1.41198e-11
-0.408 2.11099e-11 1.52865e-11
-0.406 2.28501e-11 1.65494e-11
-0.404 2.47337e-11 1.79164e-11
-0.402 2.67726e-11 1.93961e-11
-0.4 2.89796e-11 2.09976e-11
-0.398 3.13685e-11 2.27312e-11
-0.396 3.39543e-11 2.46077e-11
-0.394 3.67533e-11 2.66388e-11
-0.392 3.9783e-11 2.88373e-11
-0.39 4.30625e-11 3.12171e-11
-0.388 4.66123e-11 3.3793e-11
-0.386 5.04547e-11 3.65812e-11
-0.384 5.46139e-11 3.95992e-11
-0.382 5.91159e-11 4.2866e-11
-0.38 6.3989e-11 4.64021e-11
-0.378 6.92639e-11 5.02296e-11
-0.376 7.49735e-11 5.43726e-11
-0.374 8.11539e-11 5.88572e-11
-0.372 8.78437e-11 6.37114e-11
-0.37 9.50849e-11 6.89657e-11
-0.368 1.02923e-10 7.46532e-11
-0.366 1.11407e-10 8.08094e-11
-0.364 1.20591e-10 8.74732e-11
-0.362 1.30532e-10 9.46862e-11
-0.36 1.41292e-10 1.02494e-10
-0.358 1.52939e-10 1.10945e-10
-0.356 1.65547e-10 1.20093e-10
-0.354 1.79193e-10 1.29995e-10
-0.352 1.93965e-10 1.40713e-10
-0.35 2.09954e-10 1.52315e-10
-0.348 2.27261e-10 1.64873e-10
-0.346 2.45995e-10 1.78466e-10
-0.344 2.66273e-10 1.93179e-10
-0.342 2.88223e-10 2.09106e-10
-0.34 3.11982e-10 2.26345e-10
-0.338 3.37699e-10 2.45006e-10
-0.336 3.65537e-10 2.65205e-10
-0.334 3.95669e-10 2.87068e-10
-0.332 4.28286e-10 3.10734e-10
-0.33 4.6359e-10 3.36351e-10
-0.328 5.01806e-10 3.6408e-10
-0.326 5.43171e-10 3.94094e-10
-0.324 5.87946e-10 4.26583e-10
-0.322 6.36412e-10 4.61749e-10
-0.32 6.88873e-10 4.99814e-10
-0.318 7.45659e-10 5.41017e-10
-0.316 8.07126e-10 5.85617e-10
-0.314 8.73659e-10 6.33893e-10
-0.312 9.45677e-10 6.86148e-10
-0.31 1.02363e-09 7.42711e-10
-0.308 1.10801e-09 8.03937e-10
-0.306 1.19935e-09 8.70209e-10
-0.304 1.29821e-09 9.41944e-10
-0.302 1.40523e-09 1.01959e-09
-0.3 1.52106e-09 1.10364e-09
-0.298 1.64645e-09 1.19462e-09
-0.296 1.78217e-09 1.2931e-09
-0.294 1.92907e-09 1.39969e-09
-0.292 2.08809e-09 1.51507e-09
-0.29 2.26021e-09 1.63996e-09
-0.288 2.44653e-09 1.77515e-09
-0.286 2.64819e-09 1.92148e-09
-0.284 2.86649e-09 2.07987e-09
-0.282 3.10277e-09 2.25131e-09
-0.28 3.35853e-09 2.43689e-09
-0.278 3.63538e-09 2.63776e-09
-0.276 3.93504e-09 2.8552e-09
-0.274 4.2594e-09 3.09055e-09
-0.272 4.6105e-09 3.3453e-09
-0.27 4.99054e-09 3.62105e-09
-0.268 5.4019e-09 3.91953e-09
-0.266 5.84716e-09 4.24261e-09
-0.264 6.32913e-09 4.59232e-09
-0.262 6.85082e-09 4.97085e-09
-0.26 7.4155e-09 5.38058e-09
-0.258 8.02673e-09 5.82409e-09
-0.256 8.68833e-09 6.30414e-09
-0.254 9.40446e-09 6.82375e-09
-0.252 1.01796e-08 7.38619e-09
-0.25 1.10186e-08 7.99499e-09
-0.248 1.19268e-08 8.65395e-09
-0.246 1.29098e-08 9.36722e-09
-0.244 1.39738e-08 1.01393e-08
-0.242 1.51255e-08 1.09749e-08
-0.24 1.63721e-08 1.18795e-08
-0.238 1.77215e-08 1.28585e-08
-0.236 1.9182e-08 1.39183e-08
-0.234 2.07628e-08 1.50653e-08
-0.232 2.24739e-08 1.63069e-08
-0.23 2.4326e-08 1.76507e-08
-0.228 2.63306e-08 1.91053e-08
-0.226 2.85004e-08 2.06797e-08
-0.224 3.08489e-08 2.23837e-08
-0.222 3.33908e-08 2.42282e-08
-0.22 3.61421e-08 2.62246e-08
-0.218 3.912e-08 2.83853e-08
-0.216 4.23432e-08 3.07241e-08
-0.214 4.58317e-08 3.32554e-08
-0.212 4.96075e-08 3.59952e-08
-0.21 5.36942e-08 3.89605e-08
-0.208 5.81173e-08 4.21699e-08
-0.206 6.29044e-08 4.56436e-08
-0.204 6.80856e-08 4.94031e-08
-0.202 7.36931e-08 5.34721e-08
-0.2 7.9762e-08 5.78758e-08
-0.198 8.63302e-08 6.26419e-08
-0.196 9.34386e-08 6.78e-08
-0.194 1.01132e-07 7.33823e-08
-0.192 1.09457e-07 7.94236e-08
-0.19 1.18467e-07 8.59617e-08
-0.188 1.28218e-07 9.30371e-08
-0.186 1.38769e-07 1.00694e-07
-0.184 1.50188e-07 1.0898e-07
-0.182 1.62544e-07 1.17946e-07
-0.18 1.75914e-07 1.27649e-07
-0.178 1.90382e-07 1.38148e-07
-0.176 2.06036e-07 1.49508e-07
-0.174 2.22975e-07 1.618e-07
-0.172 2.41302e-07 1.751e-07
-0.17 2.6113e-07 1.89489e-07
-0.168 2.82582e-07 2.05057e-07
-0.166 3.0579e-07 2.219e-07
-0.164 3.30896e-07 2.40121e-07
-0.162 3.58054e-07 2.59831e-07
-0.16 3.87431e-07 2.81152e-07
-0.158 4.19205e-07 3.04214e-07
-0.156 4.53572e-07 3.29157e-07
-0.154 4.90738e-07 3.56133e-07
-0.152 5.30931e-07 3.85306e-07
-0.15 5.74392e-07 4.16853e-07
-0.148 6.21383e-07 4.50964e-07
-0.146 6.72187e-07 4.87843e-07
-0.144 7.27108e-07 5.27713e-07
-0.142 7.86473e-07 5.7081e-07
-0.14 8.50634e-07 6.17391e-07
-0.138 9.19971e-07 6.67731e-07
-0.136 9.94889e-07 7.22127e-07
-0.134 1.07583e-06 7.80898e-07
-0.132 1.16326e-06 8.44384e-07
-0.13 1.25768e-06 9.12954e-07
-0.128 1.35964e-06 9.87002e-07
-0.126 1.46971e-06 1.06695e-06
-0.124 1.58851e-06 1.15325e-06
-0.122 1.71672e-06 1.24638e-06
-0.12 1.85503e-06 1.34687e-06
-0.118 2.00421e-06 1.45526e-06
-0.116 2.16505e-06 1.57214e-06
-0.114 2.33842e-06 1.69814e-06
-0.112 2.52523e-06 1.83393e-06
-0.11 2.72645e-06 1.98021e-06
-0.108 2.9431e-06 2.13774e-06
-0.106 3.17627e-06 2.30731e-06
-0.104 3.42709e-06 2.48975e-06
-0.102 3.69677e-06 2.68596e-06
-0.1 3.98657e-06 2.89685e-06
-0.098 4.29782e-06 3.12341e-06
-0.096 4.63188e-06 3.36665e-06
-0.094 4.9902e-06 3.62762e-06
-0.092 5.37425e-06 3.90743e-06
-0.09 5.78555e-06 4.20721e-06
-0.088 6.22567e-06 4.52813e-06
-0.086 6.69621e-06 4.87138e-06
-0.084 7.19878e-06 5.23817e-06
-0.082 7.73498e-06 5.62972e-06
-0.08 8.30643e-06 6.04727e-06
-0.078 8.91472e-06 6.49202e-06
-0.076 9.56137e-06 6.96516e-06
-0.074 1.02479e-05 7.46785e-06
-0.072 1.09755e-05 8.00118e-06
-0.07 1.17456e-05 8.56616e-06
-0.068 1.25592e-05 9.16371e-06
-0.066 1.34173e-05 9.79463e-06
-0.064 1.43203e-05 1.04596e-05
-0.062 1.52687e-05 1.1159e-05
-0.06 1.62627e-05 1.18932e-05
-0.058 1.73017e-05 1.26621e-05
-0.056 1.83852e-05 1.34656e-05
-0.054 1.95119e-05 1.43031e-05
-0.052 2.06801e-05 1.51738e-05
-0.05 2.18876e-05 1.60765e-05
-0.048 2.31316e-05 1.70095e-05
-0.046 2.44086e-05 1.7971e-05
-0.044 2.57147e-05 1.89584e-05
-0.042 2.70449e-05 1.9969e-05
-0.04 2.8394e-05 2.09996e-05
-0.038 2.97558e-05 2.20465e-05
-0.036 3.11237e-05 2.31055e-05
-0.034 3.24904e-05 2.41723e-05
-0.032 3.38479e-05 2.5242e-05
-0.03 3.5188e-05 2.63094e-05
-0.028 3.65018e-05 2.73692e-05
-0.026 3.77803e-05 2.84156e-05
-0.024 3.90141e-05 2.94429e-05
-0.022 4.01939e-05 3.04453e-05
-0.02 4.13103e-05 3.14168e-05
-0.018 4.2354e-05 3.23518e-05
-0.016 4.33164e-05 3.32445e-05
-0.014 4.41889e-05 3.40896e-05
-0.012 4.49637e-05 3.4882e-05
-0.01 4.56338e-05 3.56171e-05
-0.008 4.61929e-05 3.62905e-05
-0.006 4.66358e-05 3.68985e-05
-0.004 4.69582e-05 3.7438e-05
-0.002 4.7157e-05 3.79063e-05
4.30211e-16 4.72305e-05 3.83015e-05
0.002 4.71778e-05 3.86223e-05
0.004 4.69995e-05 3.88681e-05
0.006 4.66975e-05 3.90387e-05
0.008 4.62746e-05 3.91347e-05
0.01 4.5735e-05 3.91575e-05
0.012 4.50838e-05 3.91087e-05
0.014 4.43272e-05 3.89906e-05
0.016 4.34722e-05 3.88062e-05
0.018 4.25263e-05 3.85585e-05
0.02 4.14981e-05 3.82512e-05
0.022 4.03962e-05 3.78883e-05
0.024 3.92298e-05 3.74739e-05
0.026 3.80081e-05 3.70125e-05
0.028 3.67406e-05 3.65084e-05
0.03 3.54364e-05 3.59665e-05
0.032 3.41046e-05 3.53914e-05
0.034 3.27542e-05 3.47877e-05
0.036 3.13935e-05 3.41598e-05
0.038 3.00303e-05 3.35121e-05
0.04 2.8672e-05 3.28485e-05
0.042 2.73253e-05 3.21732e-05
0.044 2.59661e-05 3.14898e-05
0.046 2.46682e-05 3.08189e-05
0.048 2.33936e-05 3.01362e-05
0.05 2.21498e-05 2.94517e-05
0.052 2.09412e-05 2.877e-05
0.054 1.9771e-05 2.80944e-05
0.056 1.86414e-05 2.74273e-05
0.058 1.75544e-05 2.67708e-05
0.06 1.65111e-05 2.61267e-05
0.062 1.55125e-05 2.54965e-05
0.064 1.4559e-05 2.48813e-05
0.066 1.36505e-05 2.42821e-05
0.068 1.27867e-05 2.36997e-05
0.07 1.19671e-05 2.31347e-05
0.072 1.11909e-05 2.25873e-05
0.074 1.04569e-05 2.2058e-05
0.076 9.7641e-06 2.15467e-05
0.078 9.11108e-06 2.10534e-05
0.08 8.49643e-06 2.05782e-05
0.082 7.91865e-06 2.01206e-05
0.084 7.37619e-06 1.96806e-05
0.086 6.86747e-06 1.92576e-05
0.088 6.39088e-06 1.88514e-05
0.09 5.94483e-06 1.84614e-05
0.092 5.52775e-06 1.80873e-05
0.094 5.13807e-06 1.77284e-05
0.096 4.77429e-06 1.73844e-05
0.098 4.43493e-06 1.70546e-05
0.1 4.11856e-06 1.67385e-05
0.102 3.82381e-06 1.64356e-05
0.104 3.54936e-06 1.61454e-05
0.106 3.29395e-06 1.58673e-05
0.108 3.05637e-06 1.56008e-05
0.11 2.83548e-06 1.53454e-05
0.112 2.6302e-06 1.51006e-05
0.114 2.43949e-06 1.48659e-05
0.116 2.26238e-06 1.46408e-05
0.118 2.09796e-06 1.44249e-05
0.12 1.94536e-06 1.42177e-05
0.122 1.80378e-06 1.40189e-05
0.124 1.67245e-06 1.3828e-05
0.126 1.55065e-06 1.36446e-05
0.128 1.43773e-06 1.34683e-05
0.13 1.33304e-06 1.32989e-05
0.132 1.23602e-06 1.31359e-05
0.134 1.14611e-06 1.29791e-05
0.136 1.0628e-06 1.28281e-05
0.138 9.85625e-07 1.26826e-05
0.14 9.14132e-07 1.25425e-05
0.142 8.47912e-07 1.24073e-05
0.144 7.86583e-07 1.22769e-05
0.146 7.29787e-07 1.2151e-05
0.148 6.77193e-07 1.20294e-05
0.15 6.28492e-07 1.19119e-05
0.152 5.834e-07 1.17983e-05
0.154 5.41649e-07 1.16883e-05
0.156 5.02994e-07 1.15819e-05
0.158 4.67205e-07 1.14789e-05
0.16 4.34071e-07 1.1379e-05
0.162 4.03394e-07 1.12821e-05
0.164 3.74993e-07 1.11882e-05
0.166 3.48697e-07 1.1097e-05
0.168 3.24352e-07 1.10084e-05
0.17 3.0181e-07 1.09223e-05
0.172 2.80938e-07 1.08386e-05
0.174 2.61611e-07 1.07572e-05
0.176 2.43715e-07 1.0678e-05
0.178 2.27141e-07 1.06009e-05
0.18 2.11792e-07 1.05257e-05
0.182 1.97575e-07 1.04525e-05
0.184 1.84407e-07 1.0381e-05
0.186 1.72209e-07 1.03114e-05
0.188 1.60907e-07 1.02433e-05
0.19 1.50436e-07 1.01769e-05
0.192 1.40733e-07 1.0112e-05
0.194 1.31741e-07 1.00486e-05
0.196 1.23405e-07 9.98663e-06
0.198 1.15679e-07 9.92598e-06
0.2 1.08515e-07 9.86664e-06
0.202 1.01871e-07 9.80855e-06
0.204 9.57098e-08 9.75167e-06
0.206 8.99941e-08 9.69595e-06
0.208 8.46909e-08 9.64134e-06
0.21 7.97695e-08 9.58781e-06
0.212 7.52014e-08 9.53531e-06
0.214 7.09601e-08 9.48381e-06
0.216 6.70215e-08 9.43328e-06
0.218 6.33629e-08 9.38368e-06
0.22 5.99634e-08 9.33498e-06
0.222 5.6804e-08 9.28715e-06
0.224 5.38666e-08 9.24016e-06
0.226 5.11349e-08 9.19398e-06
0.228 4.85936e-08 9.14858e-06
0.23 4.62285e-08 9.10395e-06
0.232 4.40268e-08 9.06005e-06
0.234 4.19762e-08 9.01687e-06
0.236 4.00656e-08 8.97438e-06
0.238 3.82848e-08 8.93257e-06
0.24 3.66242e-08 8.8914e-06
0.242 3.50749e-08 8.85087e-06
0.244 3.36288e-08 8.81096e-06
0.246 3.22783e-08 8.77164e-06
0.248 3.10165e-08 8.7329e-06
0.25 2.98369e-08 8.69473e-06
0.252 2.87334e-08 8.6571e-06
0.254 2.77007e-08 8.62001e-06
0.256 2.67335e-08 8.58344e-06
0.258 2.5827e-08 8.54738e-06
0.26 2.4977e-08 8.51181e-06
0.262 2.41794e-08 8.47673e-06
0.264 2.34304e-08 8.44211e-06
0.266 2.27265e-08 8.40795e-06
0.268 2.20646e-08 8.37423e-06
0.27 2.14416e-08 8.34096e-06
0.272 2.08547e-08 8.3081e-06
0.274 2.03015e-08 8.27567e-06
0.276 1.97796e-08 8.24364e-06
0.278 1.92867e-08 8.212e-06
0.28 1.8821e-08 8.18075e-06
0.282 1.83803e-08 8.14988e-06
0.284 1.79632e-08 8.11939e-06
0.286 1.75678e-08 8.08925e-06
0.288 1.71928e-08 8.05947e-06
0.29 1.68368e-08 8.03003e-06
0.292 1.64984e-08 8.00094e-06
0.294 1.61765e-08 7.97218e-06
0.296 1.587e-08 7.94374e-06
4.89516e-307 0 0
