0.671043 0.671043 0.671043 0.671043 0.671043 0.671043 0.671043 0.671043 0.671043 0.671043 0.671043 0.671043 0.671043 0.671043 0.671043 0.671043 0.671043 0.671043 0.671043 0.671043 0.671043 0.671043 0.671043 0.671043 0.671043 0.671043 0.671043 0.671043 0.671043 0.671043 0.671043 0.671043 0.671043 0.671043 0.671043 0.671043 0.671043 0.671043 0.671043 0.671043 0.671043 0.671043 0.671043 0.671043 0.671043 0.671043 0.671043 0.671043 0.671043 0.671043 
0.614349 0.614349 0.614349 0.614349 0.614349 0.614349 0.614349 0.614349 0.614349 0.614349 0.614349 0.614349 0.614349 0.614349 0.614349 0.614349 0.614349 0.614349 0.614349 0.614349 0.614349 0.614349 0.614349 0.614349 0.614349 0.614349 0.614349 0.614349 0.614349 0.614349 0.614349 0.614349 0.614349 0.614349 0.614349 0.614349 0.614349 0.614349 0.614349 0.614349 0.614349 0.614349 0.614349 0.614349 0.614349 0.614349 0.614349 0.614349 0.614349 0.614349 
0.665799 0.665799 0.665799 0.665799 0.665799 0.665799 0.665799 0.665799 0.665799 0.665799 0.665799 0.665799 0.665799 0.665799 0.665799 0.665799 0.665799 0.665799 0.665799 0.665799 0.665799 0.665799 0.665799 0.665799 0.665799 0.665799 0.665799 0.665799 0.665799 0.665799 0.665799 0.665799 0.665799 0.665799 0.665799 0.665799 0.665799 0.665799 0.665799 0.665799 0.665799 0.665799 0.665799 0.665799 0.665799 0.665799 0.665799 0.665799 0.665799 0.665799 
0.734117 0.734117 0.734117 0.734117 0.734117 0.734117 0.734117 0.734117 0.734117 0.734117 0.734117 0.734117 0.734117 0.734117 0.734117 0.734117 0.734117 0.734117 0.734117 0.734117 0.734117 0.734117 0.734117 0.734117 0.734117 0.734117 0.734117 0.734117 0.734117 0.734117 0.734117 0.734117 0.734117 0.734117 0.734117 0.734117 0.734117 0.734117 0.734117 0.734117 0.734117 0.734117 0.734117 0.734117 0.734117 0.734117 0.734117 0.734117 0.734117 0.734117 
0.791281 0.791281 0.791281 0.791281 0.791281 0.791281 0.791281 0.791281 0.791281 0.791281 0.791281 0.791281 0.791281 0.791281 0.791281 0.791281 0.791281 0.791281 0.791281 0.791281 0.791281 0.791281 0.791281 0.791281 0.791281 0.791281 0.791281 0.791281 0.791281 0.791281 0.791281 0.791281 0.791281 0.791281 0.791281 0.791281 0.791281 0.791281 0.791281 0.791281 0.791281 0.791281 0.791281 0.791281 0.791281 0.791281 0.791281 0.791281 0.791281 0.791281 
0.83695 0.83695 0.83695 0.83695 0.83695 0.83695 0.83695 0.83695 0.83695 0.83695 0.83695 0.83695 0.83695 0.83695 0.83695 0.83695 0.83695 0.83695 0.83695 0.83695 0.83695 0.83695 0.83695 0.83695 0.83695 0.83695 0.83695 0.83695 0.83695 0.83695 0.83695 0.83695 0.83695 0.83695 0.83695 0.83695 0.83695 0.83695 0.83695 0.83695 0.83695 0.83695 0.83695 0.83695 0.83695 0.83695 0.83695 0.83695 0.83695 0.83695 
0.873278 0.873278 0.873278 0.873278 0.873278 0.873278 0.873278 0.873278 0.873278 0.873278 0.873278 0.873278 0.873278 0.873278 0.873278 0.873278 0.873278 0.873278 0.873278 0.873278 0.873278 0.873278 0.873278 0.873278 0.873278 0.873278 0.873278 0.873278 0.873278 0.873278 0.873278 0.873278 0.873278 0.873278 0.873278 0.873278 0.873278 0.873278 0.873278 0.873278 0.873278 0.873278 0.873278 0.873278 0.873278 0.873278 0.873278 0.873278 0.873278 0.873278 
0.902005 0.902005 0.902005 0.902005 0.902005 0.902005 0.902005 0.902005 0.902005 0.902005 0.902005 0.902005 0.902005 0.902005 0.902005 0.902005 0.902005 0.902005 0.902005 0.902005 0.902005 0.902005 0.902005 0.902005 0.902005 0.902005 0.902005 0.902005 0.902005 0.902005 0.902005 0.902005 0.902005 0.902005 0.902005 0.902005 0.902005 0.902005 0.902005 0.902005 0.902005 0.902005 0.902005 0.902005 0.902005 0.902005 0.902005 0.902005 0.902005 0.902005 
0.924575 0.924575 0.924575 0.924575 0.924575 0.924575 0.924575 0.924575 0.924575 0.924575 0.924575 0.924575 0.924575 0.924575 0.924575 0.924575 0.924575 0.924575 0.924575 0.924575 0.924575 0.924575 0.924575 0.924575 0.924575 0.924575 0.924575 0.924575 0.924575 0.924575 0.924575 0.924575 0.924575 0.924575 0.924575 0.924575 0.924575 0.924575 0.924575 0.924575 0.924575 0.924575 0.924575 0.924575 0.924575 0.924575 0.924575 0.924575 0.924575 0.924575 
0.942199 0.942199 0.942199 0.942199 0.942199 0.942199 0.942199 0.942199 0.942199 0.942199 0.942199 0.942199 0.942199 0.942199 0.942199 0.942199 0.942199 0.942199 0.942199 0.942199 0.942199 0.942199 0.942199 0.942199 0.942199 0.942199 0.942199 0.942199 0.942199 0.942199 0.942199 0.942199 0.942199 0.942199 0.942199 0.942199 0.942199 0.942199 0.942199 0.942199 0.942199 0.942199 0.942199 0.942199 0.942199 0.942199 0.942199 0.942199 0.942199 0.942199 
0.955885 0.955885 0.955885 0.955885 0.955885 0.955885 0.955885 0.955885 0.955885 0.955885 0.955885 0.955885 0.955885 0.955885 0.955885 0.955885 0.955885 0.955885 0.955885 0.955885 0.955885 0.955885 0.955885 0.955885 0.955885 0.955885 0.955885 0.955885 0.955885 0.955885 0.955885 0.955885 0.955885 0.955885 0.955885 0.955885 0.955885 0.955885 0.955885 0.955885 0.955885 0.955885 0.955885 0.955885 0.955885 0.955885 0.955885 0.955885 0.955885 0.955885 
0.966457 0.966457 0.966457 0.966457 0.966457 0.966457 0.966457 0.966457 0.966457 0.966457 0.966457 0.966457 0.966457 0.966457 0.966457 0.966457 0.966457 0.966457 0.966457 0.966457 0.966457 0.966457 0.966457 0.966457 0.966457 0.966457 0.966457 0.966457 0.966457 0.966457 0.966457 0.966457 0.966457 0.966457 0.966457 0.966457 0.966457 0.966457 0.966457 0.966457 0.966457 0.966457 0.966457 0.966457 0.966457 0.966457 0.966457 0.966457 0.966457 0.966457 
0.974585 0.974585 0.974585 0.974585 0.974585 0.974585 0.974585 0.974585 0.974585 0.974585 0.974585 0.974585 0.974585 0.974585 0.974585 0.974585 0.974585 0.974585 0.974585 0.974585 0.974585 0.974585 0.974585 0.974585 0.974585 0.974585 0.974585 0.974585 0.974585 0.974585 0.974585 0.974585 0.974585 0.974585 0.974585 0.974585 0.974585 0.974585 0.974585 0.974585 0.974585 0.974585 0.974585 0.974585 0.974585 0.974585 0.974585 0.974585 0.974585 0.974585 
0.980806 0.980806 0.980806 0.980806 0.980806 0.980806 0.980806 0.980806 0.980806 0.980806 0.980806 0.980806 0.980806 0.980806 0.980806 0.980806 0.980806 0.980806 0.980806 0.980806 0.980806 0.980806 0.980806 0.980806 0.980806 0.980806 0.980806 0.980806 0.980806 0.980806 0.980806 0.980806 0.980806 0.980806 0.980806 0.980806 0.980806 0.980806 0.980806 0.980806 0.980806 0.980806 0.980806 0.980806 0.980806 0.980806 0.980806 0.980806 0.980806 0.980806 
0.985547 0.985547 0.985547 0.985547 0.985547 0.985547 0.985547 0.985547 0.985547 0.985547 0.985547 0.985547 0.985547 0.985547 0.985547 0.985547 0.985547 0.985547 0.985547 0.985547 0.985547 0.985547 0.985547 0.985547 0.985547 0.985547 0.985547 0.985547 0.985547 0.985547 0.985547 0.985547 0.985547 0.985547 0.985547 0.985547 0.985547 0.985547 0.985547 0.985547 0.985547 0.985547 0.985547 0.985547 0.985547 0.985547 0.985547 0.985547 0.985547 0.985547 
0.989147 0.989147 0.989147 0.989147 0.989147 0.989147 0.989147 0.989147 0.989147 0.989147 0.989147 0.989147 0.989147 0.989147 0.989147 0.989147 0.989147 0.989147 0.989147 0.989147 0.989147 0.989147 0.989147 0.989147 0.989147 0.989147 0.989147 0.989147 0.989147 0.989147 0.989147 0.989147 0.989147 0.989147 0.989147 0.989147 0.989147 0.989147 0.989147 0.989147 0.989147 0.989147 0.989147 0.989147 0.989147 0.989147 0.989147 0.989147 0.989147 0.989147 
0.991871 0.991871 0.991871 0.991871 0.991871 0.991871 0.991871 0.991871 0.991871 0.991871 0.991871 0.991871 0.991871 0.991871 0.991871 0.991871 0.991871 0.991871 0.991871 0.991871 0.991871 0.991871 0.991871 0.991871 0.991871 0.991871 0.991871 0.991871 0.991871 0.991871 0.991871 0.991871 0.991871 0.991871 0.991871 0.991871 0.991871 0.991871 0.991871 0.991871 0.991871 0.991871 0.991871 0.991871 0.991871 0.991871 0.991871 0.991871 0.991871 0.991871 
0.993926 0.993926 0.993926 0.993926 0.993926 0.993926 0.993926 0.993926 0.993926 0.993926 0.993926 0.993926 0.993926 0.993926 0.993926 0.993926 0.993926 0.993926 0.993926 0.993926 0.993926 0.993926 0.993926 0.993926 0.993926 0.993926 0.993926 0.993926 0.993926 0.993926 0.993926 0.993926 0.993926 0.993926 0.993926 0.993926 0.993926 0.993926 0.993926 0.993926 0.993926 0.993926 0.993926 0.993926 0.993926 0.993926 0.993926 0.993926 0.993926 0.993926 
0.995471 0.995471 0.995471 0.995471 0.995471 0.995471 0.995471 0.995471 0.995471 0.995471 0.995471 0.995471 0.995471 0.995471 0.995471 0.995471 0.995471 0.995471 0.995471 0.995471 0.995471 0.995471 0.995471 0.995471 0.995471 0.995471 0.995471 0.995471 0.995471 0.995471 0.995471 0.995471 0.995471 0.995471 0.995471 0.995471 0.995471 0.995471 0.995471 0.995471 0.995471 0.995471 0.995471 0.995471 0.995471 0.995471 0.995471 0.995471 0.995471 0.995471 
0.996629 0.996629 0.996629 0.996629 0.996629 0.996629 0.996629 0.996629 0.996629 0.996629 0.996629 0.996629 0.996629 0.996629 0.996629 0.996629 0.996629 0.996629 0.996629 0.996629 0.996629 0.996629 0.996629 0.996629 0.996629 0.996629 0.996629 0.996629 0.996629 0.996629 0.996629 0.996629 0.996629 0.996629 0.996629 0.996629 0.996629 0.996629 0.996629 0.996629 0.996629 0.996629 0.996629 0.996629 0.996629 0.996629 0.996629 0.996629 0.996629 0.996629 
0.997496 0.997496 0.997496 0.997496 0.997496 0.997496 0.997496 0.997496 0.997496 0.997496 0.997496 0.997496 0.997496 0.997496 0.997496 0.997496 0.997496 0.997496 0.997496 0.997496 0.997496 0.997496 0.997496 0.997496 0.997496 0.997496 0.997496 0.997496 0.997496 0.997496 0.997496 0.997496 0.997496 0.997496 0.997496 0.997496 0.997496 0.997496 0.997496 0.997496 0.997496 0.997496 0.997496 0.997496 0.997496 0.997496 0.997496 0.997496 0.997496 0.997496 
0.998143 0.998143 0.998143 0.998143 0.998143 0.998143 0.998143 0.998143 0.998143 0.998143 0.998143 0.998143 0.998143 0.998143 0.998143 0.998143 0.998143 0.998143 0.998143 0.998143 0.998143 0.998143 0.998143 0.998143 0.998143 0.998143 0.998143 0.998143 0.998143 0.998143 0.998143 0.998143 0.998143 0.998143 0.998143 0.998143 0.998143 0.998143 0.998143 0.998143 0.998143 0.998143 0.998143 0.998143 0.998143 0.998143 0.998143 0.998143 0.998143 0.998143 
0.998625 0.998625 0.998625 0.998625 0.998625 0.998625 0.998625 0.998625 0.998625 0.998625 0.998625 0.998625 0.998625 0.998625 0.998625 0.998625 0.998625 0.998625 0.998625 0.998625 0.998625 0.998625 0.998625 0.998625 0.998625 0.998625 0.998625 0.998625 0.998625 0.998625 0.998625 0.998625 0.998625 0.998625 0.998625 0.998625 0.998625 0.998625 0.998625 0.998625 0.998625 0.998625 0.998625 0.998625 0.998625 0.998625 0.998625 0.998625 0.998625 0.998625 
0.998983 0.998983 0.998983 0.998983 0.998983 0.998983 0.998983 0.998983 0.998983 0.998983 0.998983 0.998983 0.998983 0.998983 0.998983 0.998983 0.998983 0.998983 0.998983 0.998983 0.998983 0.998983 0.998983 0.998983 0.998983 0.998983 0.998983 0.998983 0.998983 0.998983 0.998983 0.998983 0.998983 0.998983 0.998983 0.998983 0.998983 0.998983 0.998983 0.998983 0.998983 0.998983 0.998983 0.998983 0.998983 0.998983 0.998983 0.998983 0.998983 0.998983 
0.999249 0.999249 0.999249 0.999249 0.999249 0.999249 0.999249 0.999249 0.999249 0.999249 0.999249 0.999249 0.999249 0.999249 0.999249 0.999249 0.999249 0.999249 0.999249 0.999249 0.999249 0.999249 0.999249 0.999249 0.999249 0.999249 0.999249 0.999249 0.999249 0.999249 0.999249 0.999249 0.999249 0.999249 0.999249 0.999249 0.999249 0.999249 0.999249 0.999249 0.999249 0.999249 0.999249 0.999249 0.999249 0.999249 0.999249 0.999249 0.999249 0.999249 
0.999446 0.999446 0.999446 0.999446 0.999446 0.999446 0.999446 0.999446 0.999446 0.999446 0.999446 0.999446 0.999446 0.999446 0.999446 0.999446 0.999446 0.999446 0.999446 0.999446 0.999446 0.999446 0.999446 0.999446 0.999446 0.999446 0.999446 0.999446 0.999446 0.999446 0.999446 0.999446 0.999446 0.999446 0.999446 0.999446 0.999446 0.999446 0.999446 0.999446 0.999446 0.999446 0.999446 0.999446 0.999446 0.999446 0.999446 0.999446 0.999446 0.999446 
0.999592 0.999592 0.999592 0.999592 0.999592 0.999592 0.999592 0.999592 0.999592 0.999592 0.999592 0.999592 0.999592 0.999592 0.999592 0.999592 0.999592 0.999592 0.999592 0.999592 0.999592 0.999592 0.999592 0.999592 0.999592 0.999592 0.999592 0.999592 0.999592 0.999592 0.999592 0.999592 0.999592 0.999592 0.999592 0.999592 0.999592 0.999592 0.999592 0.999592 0.999592 0.999592 0.999592 0.999592 0.999592 0.999592 0.999592 0.999592 0.999592 0.999592 
0.999699 0.999699 0.999699 0.999699 0.999699 0.999699 0.999699 0.999699 0.999699 0.999699 0.999699 0.999699 0.999699 0.999699 0.999699 0.999699 0.999699 0.999699 0.999699 0.999699 0.999699 0.999699 0.999699 0.999699 0.999699 0.999699 0.999699 0.999699 0.999699 0.999699 0.999699 0.999699 0.999699 0.999699 0.999699 0.999699 0.999699 0.999699 0.999699 0.999699 0.999699 0.999699 0.999699 0.999699 0.999699 0.999699 0.999699 0.999699 0.999699 0.999699 
0.999779 0.999779 0.999779 0.999779 0.999779 0.999779 0.999779 0.999779 0.999779 0.999779 0.999779 0.999779 0.999779 0.999779 0.999779 0.999779 0.999779 0.999779 0.999779 0.999779 0.999779 0.999779 0.999779 0.999779 0.999779 0.999779 0.999779 0.999779 0.999779 0.999779 0.999779 0.999779 0.999779 0.999779 0.999779 0.999779 0.999779 0.999779 0.999779 0.999779 0.999779 0.999779 0.999779 0.999779 0.999779 0.999779 0.999779 0.999779 0.999779 0.999779 
0.999837 0.999837 0.999837 0.999837 0.999837 0.999837 0.999837 0.999837 0.999837 0.999837 0.999837 0.999837 0.999837 0.999837 0.999837 0.999837 0.999837 0.999837 0.999837 0.999837 0.999837 0.999837 0.999837 0.999837 0.999837 0.999837 0.999837 0.999837 0.999837 0.999837 0.999837 0.999837 0.999837 0.999837 0.999837 0.999837 0.999837 0.999837 0.999837 0.999837 0.999837 0.999837 0.999837 0.999837 0.999837 0.999837 0.999837 0.999837 0.999837 0.999837 
0.99988 0.99988 0.99988 0.99988 0.99988 0.99988 0.99988 0.99988 0.99988 0.99988 0.99988 0.99988 0.99988 0.99988 0.99988 0.99988 0.99988 0.99988 0.99988 0.99988 0.99988 0.99988 0.99988 0.99988 0.99988 0.99988 0.99988 0.99988 0.99988 0.99988 0.99988 0.99988 0.99988 0.99988 0.99988 0.99988 0.99988 0.99988 0.99988 0.99988 0.99988 0.99988 0.99988 0.99988 0.99988 0.99988 0.99988 0.99988 0.99988 0.99988 
0.999912 0.999912 0.999912 0.999912 0.999912 0.999912 0.999912 0.999912 0.999912 0.999912 0.999912 0.999912 0.999912 0.999912 0.999912 0.999912 0.999912 0.999912 0.999912 0.999912 0.999912 0.999912 0.999912 0.999912 0.999912 0.999912 0.999912 0.999912 0.999912 0.999912 0.999912 0.999912 0.999912 0.999912 0.999912 0.999912 0.999912 0.999912 0.999912 0.999912 0.999912 0.999912 0.999912 0.999912 0.999912 0.999912 0.999912 0.999912 0.999912 0.999912 
0.999936 0.999936 0.999936 0.999936 0.999936 0.999936 0.999936 0.999936 0.999936 0.999936 0.999936 0.999936 0.999936 0.999936 0.999936 0.999936 0.999936 0.999936 0.999936 0.999936 0.999936 0.999936 0.999936 0.999936 0.999936 0.999936 0.999936 0.999936 0.999936 0.999936 0.999936 0.999936 0.999936 0.999936 0.999936 0.999936 0.999936 0.999936 0.999936 0.999936 0.999936 0.999936 0.999936 0.999936 0.999936 0.999936 0.999936 0.999936 0.999936 0.999936 
0.999953 0.999953 0.999953 0.999953 0.999953 0.999953 0.999953 0.999953 0.999953 0.999953 0.999953 0.999953 0.999953 0.999953 0.999953 0.999953 0.999953 0.999953 0.999953 0.999953 0.999953 0.999953 0.999953 0.999953 0.999953 0.999953 0.999953 0.999953 0.999953 0.999953 0.999953 0.999953 0.999953 0.999953 0.999953 0.999953 0.999953 0.999953 0.999953 0.999953 0.999953 0.999953 0.999953 0.999953 0.999953 0.999953 0.999953 0.999953 0.999953 0.999953 
0.999965 0.999965 0.999965 0.999965 0.999965 0.999965 0.999965 0.999965 0.999965 0.999965 0.999965 0.999965 0.999965 0.999965 0.999965 0.999965 0.999965 0.999965 0.999965 0.999965 0.999965 0.999965 0.999965 0.999965 0.999965 0.999965 0.999965 0.999965 0.999965 0.999965 0.999965 0.999965 0.999965 0.999965 0.999965 0.999965 0.999965 0.999965 0.999965 0.999965 0.999965 0.999965 0.999965 0.999965 0.999965 0.999965 0.999965 0.999965 0.999965 0.999965 
0.999975 0.999975 0.999975 0.999975 0.999975 0.999975 0.999975 0.999975 0.999975 0.999975 0.999975 0.999975 0.999975 0.999975 0.999975 0.999975 0.999975 0.999975 0.999975 0.999975 0.999975 0.999975 0.999975 0.999975 0.999975 0.999975 0.999975 0.999975 0.999975 0.999975 0.999975 0.999975 0.999975 0.999975 0.999975 0.999975 0.999975 0.999975 0.999975 0.999975 0.999975 0.999975 0.999975 0.999975 0.999975 0.999975 0.999975 0.999975 0.999975 0.999975 
0.999981 0.999981 0.999981 0.999981 0.999981 0.999981 0.999981 0.999981 0.999981 0.999981 0.999981 0.999981 0.999981 0.999981 0.999981 0.999981 0.999981 0.999981 0.999981 0.999981 0.999981 0.999981 0.999981 0.999981 0.999981 0.999981 0.999981 0.999981 0.999981 0.999981 0.999981 0.999981 0.999981 0.999981 0.999981 0.999981 0.999981 0.999981 0.999981 0.999981 0.999981 0.999981 0.999981 0.999981 0.999981 0.999981 0.999981 0.999981 0.999981 0.999981 
0.999986 0.999986 0.999986 0.999986 0.999986 0.999986 0.999986 0.999986 0.999986 0.999986 0.999986 0.999986 0.999986 0.999986 0.999986 0.999986 0.999986 0.999986 0.999986 0.999986 0.999986 0.999986 0.999986 0.999986 0.999986 0.999986 0.999986 0.999986 0.999986 0.999986 0.999986 0.999986 0.999986 0.999986 0.999986 0.999986 0.999986 0.999986 0.999986 0.999986 0.999986 0.999986 0.999986 0.999986 0.999986 0.999986 0.999986 0.999986 0.999986 0.999986 
0.99999 0.99999 0.99999 0.99999 0.99999 0.99999 0.99999 0.99999 0.99999 0.99999 0.99999 0.99999 0.99999 0.99999 0.99999 0.99999 0.99999 0.99999 0.99999 0.99999 0.99999 0.99999 0.99999 0.99999 0.99999 0.99999 0.99999 0.99999 0.99999 0.99999 0.99999 0.99999 0.99999 0.99999 0.99999 0.99999 0.99999 0.99999 0.99999 0.99999 0.99999 0.99999 0.99999 0.99999 0.99999 0.99999 0.99999 0.99999 0.99999 0.99999 
0.999993 0.999993 0.999993 0.999993 0.999993 0.999993 0.999993 0.999993 0.999993 0.999993 0.999993 0.999993 0.999993 0.999993 0.999993 0.999993 0.999993 0.999993 0.999993 0.999993 0.999993 0.999993 0.999993 0.999993 0.999993 0.999993 0.999993 0.999993 0.999993 0.999993 0.999993 0.999993 0.999993 0.999993 0.999993 0.999993 0.999993 0.999993 0.999993 0.999993 0.999993 0.999993 0.999993 0.999993 0.999993 0.999993 0.999993 0.999993 0.999993 0.999993 
0.999995 0.999995 0.999995 0.999995 0.999995 0.999995 0.999995 0.999995 0.999995 0.999995 0.999995 0.999995 0.999995 0.999995 0.999995 0.999995 0.999995 0.999995 0.999995 0.999995 0.999995 0.999995 0.999995 0.999995 0.999995 0.999995 0.999995 0.999995 0.999995 0.999995 0.999995 0.999995 0.999995 0.999995 0.999995 0.999995 0.999995 0.999995 0.999995 0.999995 0.999995 0.999995 0.999995 0.999995 0.999995 0.999995 0.999995 0.999995 0.999995 0.999995 
0.999996 0.999996 0.999996 0.999996 0.999996 0.999996 0.999996 0.999996 0.999996 0.999996 0.999996 0.999996 0.999996 0.999996 0.999996 0.999996 0.999996 0.999996 0.999996 0.999996 0.999996 0.999996 0.999996 0.999996 0.999996 0.999996 0.999996 0.999996 0.999996 0.999996 0.999996 0.999996 0.999996 0.999996 0.999996 0.999996 0.999996 0.999996 0.999996 0.999996 0.999996 0.999996 0.999996 0.999996 0.999996 0.999996 0.999996 0.999996 0.999996 0.999996 
0.999997 0.999997 0.999997 0.999997 0.999997 0.999997 0.999997 0.999997 0.999997 0.999997 0.999997 0.999997 0.999997 0.999997 0.999997 0.999997 0.999997 0.999997 0.999997 0.999997 0.999997 0.999997 0.999997 0.999997 0.999997 0.999997 0.999997 0.999997 0.999997 0.999997 0.999997 0.999997 0.999997 0.999997 0.999997 0.999997 0.999997 0.999997 0.999997 0.999997 0.999997 0.999997 0.999997 0.999997 0.999997 0.999997 0.999997 0.999997 0.999997 0.999997 
0.999998 0.999998 0.999998 0.999998 0.999998 0.999998 0.999998 0.999998 0.999998 0.999998 0.999998 0.999998 0.999998 0.999998 0.999998 0.999998 0.999998 0.999998 0.999998 0.999998 0.999998 0.999998 0.999998 0.999998 0.999998 0.999998 0.999998 0.999998 0.999998 0.999998 0.999998 0.999998 0.999998 0.999998 0.999998 0.999998 0.999998 0.999998 0.999998 0.999998 0.999998 0.999998 0.999998 0.999998 0.999998 0.999998 0.999998 0.999998 0.999998 0.999998 
0.999998 0.999998 0.999998 0.999998 0.999998 0.999998 0.999998 0.999998 0.999998 0.999998 0.999998 0.999998 0.999998 0.999998 0.999998 0.999998 0.999998 0.999998 0.999998 0.999998 0.999998 0.999998 0.999998 0.999998 0.999998 0.999998 0.999998 0.999998 0.999998 0.999998 0.999998 0.999998 0.999998 0.999998 0.999998 0.999998 0.999998 0.999998 0.999998 0.999998 0.999998 0.999998 0.999998 0.999998 0.999998 0.999998 0.999998 0.999998 0.999998 0.999998 
0.999999 0.999999 0.999999 0.999999 0.999999 0.999999 0.999999 0.999999 0.999999 0.999999 0.999999 0.999999 0.999999 0.999999 0.999999 0.999999 0.999999 0.999999 0.999999 0.999999 0.999999 0.999999 0.999999 0.999999 0.999999 0.999999 0.999999 0.999999 0.999999 0.999999 0.999999 0.999999 0.999999 0.999999 0.999999 0.999999 0.999999 0.999999 0.999999 0.999999 0.999999 0.999999 0.999999 0.999999 0.999999 0.999999 0.999999 0.999999 0.999999 0.999999 
0.999999 0.999999 0.999999 0.999999 0.999999 0.999999 0.999999 0.999999 0.999999 0.999999 0.999999 0.999999 0.999999 0.999999 0.999999 0.999999 0.999999 0.999999 0.999999 0.999999 0.999999 0.999999 0.999999 0.999999 0.999999 0.999999 0.999999 0.999999 0.999999 0.999999 0.999999 0.999999 0.999999 0.999999 0.999999 0.999999 0.999999 0.999999 0.999999 0.999999 0.999999 0.999999 0.999999 0.999999 0.999999 0.999999 0.999999 0.999999 0.999999 0.999999 
0.999999 0.999999 0.999999 0.999999 0.999999 0.999999 0.999999 0.999999 0.999999 0.999999 0.999999 0.999999 0.999999 0.999999 0.999999 0.999999 0.999999 0.999999 0.999999 0.999999 0.999999 0.999999 0.999999 0.999999 0.999999 0.999999 0.999999 0.999999 0.999999 0.999999 0.999999 0.999999 0.999999 0.999999 0.999999 0.999999 0.999999 0.999999 0.999999 0.999999 0.999999 0.999999 0.999999 0.999999 0.999999 0.999999 0.999999 0.999999 0.999999 0.999999 
1 1 1 1 1 1 1 1 1 1 1 1 1 1 1 1 1 1 1 1 1 1 1 1 1 1 1 1 1 1 1 1 1 1 1 1 1 1 1 1 1 1 1 1 1 1 1 1 1 1 
1 1 1 1 1 1 1 1 1 1 1 1 1 1 1 1 1 1 1 1 1 1 1 1 1 1 1 1 1 1 1 1 1 1 1 1 1 1 1 1 1 1 1 1 1 1 1 1 1 1 
1 1 1 1 1 1 1 1 1 1 1 1 1 1 1 1 1 1 1 1 1 1 1 1 1 1 1 1 1 1 1 1 1 1 1 1 1 1 1 1 1 1 1 1 1 1 1 1 1 1 
1 1 1 1 1 1 1 1 1 1 1 1 1 1 1 1 1 1 1 1 1 1 1 1 1 1 1 1 1 1 1 1 1 1 1 1 1 1 1 1 1 1 1 1 1 1 1 1 1 1 
1 1 1 1 1 1 1 1 1 1 1 1 1 1 1 1 1 1 1 1 1 1 1 1 1 1 1 1 1 1 1 1 1 1 1 1 1 1 1 1 1 1 1 1 1 1 1 1 1 1 
1 1 1 1 1 1 1 1 1 1 1 1 1 1 1 1 1 1 1 1 1 1 1 1 1 1 1 1 1 1 1 1 1 1 1 1 1 1 1 1 1 1 1 1 1 1 1 1 1 1 
1 1 1 1 1 1 1 1 1 1 1 1 1 1 1 1 1 1 1 1 1 1 1 1 1 1 1 1 1 1 1 1 1 1 1 1 1 1 1 1 1 1 1 1 1 1 1 1 1 1 
1 1 1 1 1 1 1 1 1 1 1 1 1 1 1 1 1 1 1 1 1 1 1 1 1 1 1 1 1 1 1 1 1 1 1 1 1 1 1 1 1 1 1 1 1 1 1 1 1 1 
1 1 1 1 1 1 1 1 1 1 1 1 1 1 1 1 1 1 1 1 1 1 1 1 1 1 1 1 1 1 1 1 1 1 1 1 1 1 1 1 1 1 1 1 1 1 1 1 1 1 
1 1 1 1 1 1 1 1 1 1 1 1 1 1 1 1 1 1 1 1 1 1 1 1 1 1 1 1 1 1 1 1 1 1 1 1 1 1 1 1 1 1 1 1 1 1 1 1 1 1 
1 1 1 1 1 1 1 1 1 1 1 1 1 1 1 1 1 1 1 1 1 1 1 1 1 1 1 1 1 1 1 1 1 1 1 1 1 1 1 1 1 1 1 1 1 1 1 1 1 1 
1 1 1 1 1 1 1 1 1 1 1 1 1 1 1 1 1 1 1 1 1 1 1 1 1 1 1 1 1 1 1 1 1 1 1 1 1 1 1 1 1 1 1 1 1 1 1 1 1 1 
1 1 1 1 1 1 1 1 1 1 1 1 1 1 1 1 1 1 1 1 1 1 1 1 1 1 1 1 1 1 1 1 1 1 1 1 1 1 1 1 1 1 1 1 1 1 1 1 1 1 
1 1 1 1 1 1 1 1 1 1 1 1 1 1 1 1 1 1 1 1 1 1 1 1 1 1 1 1 1 1 1 1 1 1 1 1 1 1 1 1 1 1 1 1 1 1 1 1 1 1 
1 1 1 1 1 1 1 1 1 1 1 1 1 1 1 1 1 1 1 1 1 1 1 1 1 1 1 1 1 1 1 1 1 1 1 1 1 1 1 1 1 1 1 1 1 1 1 1 1 1 
1 1 1 1 1 1 1 1 1 1 1 1 1 1 1 1 1 1 1 1 1 1 1 1 1 1 1 1 1 1 1 1 1 1 1 1 1 1 1 1 1 1 1 1 1 1 1 1 1 1 
1 1 1 1 1 1 1 1 1 1 1 1 1 1 1 1 1 1 1 1 1 1 1 1 1 1 1 1 1 1 1 1 1 1 1 1 1 1 1 1 1 1 1 1 1 1 1 1 1 1 
1 1 1 1 1 1 1 1 1 1 1 1 1 1 1 1 1 1 1 1 1 1 1 1 1 1 1 1 1 1 1 1 1 1 1 1 1 1 1 1 1 1 1 1 1 1 1 1 1 1 
1 1 1 1 1 1 1 1 1 1 1 1 1 1 1 1 1 1 1 1 1 1 1 1 1 1 1 1 1 1 1 1 1 1 1 1 1 1 1 1 1 1 1 1 1 1 1 1 1 1 
1 1 1 1 1 1 1 1 1 1 1 1 1 1 1 1 1 1 1 1 1 1 1 1 1 1 1 1 1 1 1 1 1 1 1 1 1 1 1 1 1 1 1 1 1 1 1 1 1 1 
1 1 1 1 1 1 1 1 1 1 1 1 1 1 1 1 1 1 1 1 1 1 1 1 1 1 1 1 1 1 1 1 1 1 1 1 1 1 1 1 1 1 1 1 1 1 1 1 1 1 
1 1 1 1 1 1 1 1 1 1 1 1 1 1 1 1 1 1 1 1 1 1 1 1 1 1 1 1 1 1 1 1 1 1 1 1 1 1 1 1 1 1 1 1 1 1 1 1 1 1 
1 1 1 1 1 1 1 1 1 1 1 1 1 1 1 1 1 1 1 1 1 1 1 1 1 1 1 1 1 1 1 1 1 1 1 1 1 1 1 1 1 1 1 1 1 1 1 1 1 1 
1 1 1 1 1 1 1 1 1 1 1 1 1 1 1 1 1 1 1 1 1 1 1 1 1 1 1 1 1 1 1 1 1 1 1 1 1 1 1 1 1 1 1 1 1 1 1 1 1 1 
1 1 1 1 1 1 1 1 1 1 1 1 1 1 1 1 1 1 1 1 1 1 1 1 1 1 1 1 1 1 1 1 1 1 1 1 1 1 1 1 1 1 1 1 1 1 1 1 1 1 
1 1 1 1 1 1 1 1 1 1 1 1 1 1 1 1 1 1 1 1 1 1 1 1 1 1 1 1 1 1 1 1 1 1 1 1 1 1 1 1 1 1 1 1 1 1 1 1 1 1 
1 1 1 1 1 1 1 1 1 1 1 1 1 1 1 1 1 1 1 1 1 1 1 1 1 1 1 1 1 1 1 1 1 1 1 1 1 1 1 1 1 1 1 1 1 1 1 1 1 1 
1 1 1 1 1 1 1 1 1 1 1 1 1 1 1 1 1 1 1 1 1 1 1 1 1 1 1 1 1 1 1 1 1 1 1 1 1 1 1 1 1 1 1 1 1 1 1 1 1 1 
1 1 1 1 1 1 1 1 1 1 1 1 1 1 1 1 1 1 1 1 1 1 1 1 1 1 1 1 1 1 1 1 1 1 1 1 1 1 1 1 1 1 1 1 1 1 1 1 1 1 
1 1 1 1 1 1 1 1 1 1 1 1 1 1 1 1 1 1 1 1 1 1 1 1 1 1 1 1 1 1 1 1 1 1 1 1 1 1 1 1 1 1 1 1 1 1 1 1 1 1 
1 1 1 1 1 1 1 1 1 1 1 1 1 1 1 1 1 1 1 1 1 1 1 1 1 1 1 1 1 1 1 1 1 1 1 1 1 1 1 1 1 1 1 1 1 1 1 1 1 1 
1 1 1 1 1 1 1 1 1 1 1 1 1 1 1 1 1 1 1 1 1 1 1 1 1 1 1 1 1 1 1 1 1 1 1 1 1 1 1 1 1 1 1 1 1 1 1 1 1 1 
1 1 1 1 1 1 1 1 1 1 1 1 1 1 1 1 1 1 1 1 1 1 1 1 1 1 1 1 1 1 1 1 1 1 1 1 1 1 1 1 1 1 1 1 1 1 1 1 1 1 
1 1 1 1 1 1 1 1 1 1 1 1 1 1 1 1 1 1 1 1 1 1 1 1 1 1 1 1 1 1 1 1 1 1 1 1 1 1 1 1 1 1 1 1 1 1 1 1 1 1 
1 1 1 1 1 1 1 1 1 1 1 1 1 1 1 1 1 1 1 1 1 1 1 1 1 1 1 1 1 1 1 1 1 1 1 1 1 1 1 1 1 1 1 1 1 1 1 1 1 1 
1 1 1 1 1 1 1 1 1 1 1 1 1 1 1 1 1 1 1 1 1 1 1 1 1 1 1 1 1 1 1 1 1 1 1 1 1 1 1 1 1 1 1 1 1 1 1 1 1 1 
1 1 1 1 1 1 1 1 1 1 1 1 1 1 1 1 1 1 1 1 1 1 1 1 1 1 1 1 1 1 1 1 1 1 1 1 1 1 1 1 1 1 1 1 1 1 1 1 1 1 
1 1 1 1 1 1 1 1 1 1 1 1 1 1 1 1 1 1 1 1 1 1 1 1 1 1 1 1 1 1 1 1 1 1 1 1 1 1 1 1 1 1 1 1 1 1 1 1 1 1 
1 1 1 1 1 1 1 1 1 1 1 1 1 1 1 1 1 1 1 1 1 1 1 1 1 1 1 1 1 1 1 1 1 1 1 1 1 1 1 1 1 1 1 1 1 1 1 1 1 1 
1 1 1 1 1 1 1 1 1 1 1 1 1 1 1 1 1 1 1 1 1 1 1 1 1 1 1 1 1 1 1 1 1 1 1 1 1 1 1 1 1 1 1 1 1 1 1 1 1 1 
1 1 1 1 1 1 1 1 1 1 1 1 1 1 1 1 1 1 1 1 1 1 1 1 1 1 1 1 1 1 1 1 1 1 1 1 1 1 1 1 1 1 1 1 1 1 1 1 1 1 
1 1 1 1 1 1 1 1 1 1 1 1 1 1 1 1 1 1 1 1 1 1 1 1 1 1 1 1 1 1 1 1 1 1 1 1 1 1 1 1 1 1 1 1 1 1 1 1 1 1 
1 1 1 1 1 1 1 1 1 1 1 1 1 1 1 1 1 1 1 1 1 1 1 1 1 1 1 1 1 1 1 1 1 1 1 1 1 1 1 1 1 1 1 1 1 1 1 1 1 1 
1 1 1 1 1 1 1 1 1 1 1 1 1 1 1 1 1 1 1 1 1 1 1 1 1 1 1 1 1 1 1 1 1 1 1 1 1 1 1 1 1 1 1 1 1 1 1 1 1 1 
1 1 1 1 1 1 1 1 1 1 1 1 1 1 1 1 1 1 1 1 1 1 1 1 1 1 1 1 1 1 1 1 1 1 1 1 1 1 1 1 1 1 1 1 1 1 1 1 1 1 
1 1 1 1 1 1 1 1 1 1 1 1 1 1 1 1 1 1 1 1 1 1 1 1 1 1 1 1 1 1 1 1 1 1 1 1 1 1 1 1 1 1 1 1 1 1 1 1 1 1 
1 1 1 1 1 1 1 1 1 1 1 1 1 1 1 1 1 1 1 1 1 1 1 1 1 1 1 1 1 1 1 1 1 1 1 1 1 1 1 1 1 1 1 1 1 1 1 1 1 1 
1 1 1 1 1 1 1 1 1 1 1 1 1 1 1 1 1 1 1 1 1 1 1 1 1 1 1 1 1 1 1 1 1 1 1 1 1 1 1 1 1 1 1 1 1 1 1 1 1 1 
1 1 1 1 1 1 1 1 1 1 1 1 1 1 1 1 1 1 1 1 1 1 1 1 1 1 1 1 1 1 1 1 1 1 1 1 1 1 1 1 1 1 1 1 1 1 1 1 1 1 
1 1 1 1 1 1 1 1 1 1 1 1 1 1 1 1 1 1 1 1 1 1 1 1 1 1 1 1 1 1 1 1 1 1 1 1 1 1 1 1 1 1 1 1 1 1 1 1 1 1 
1 1 1 1 1 1 1 1 1 1 1 1 1 1 1 1 1 1 1 1 1 1 1 1 1 1 1 1 1 1 1 1 1 1 1 1 1 1 1 1 1 1 1 1 1 1 1 1 1 1 
1 1 1 1 1 1 1 1 1 1 1 1 1 1 1 1 1 1 1 1 1 1 1 1 1 1 1 1 1 1 1 1 1 1 1 1 1 1 1 1 1 1 1 1 1 1 1 1 1 1 
1 1 1 1 1 1 1 1 1 1 1 1 1 1 1 1 1 1 1 1 1 1 1 1 1 1 1 1 1 1 1 1 1 1 1 1 1 1 1 1 1 1 1 1 1 1 1 1 1 1 
1 1 1 1 1 1 1 1 1 1 1 1 1 1 1 1 1 1 1 1 1 1 1 1 1 1 1 1 1 1 1 1 1 1 1 1 1 1 1 1 1 1 1 1 1 1 1 1 1 0.999999 
0.999999 0.999999 0.999999 0.999999 0.999999 0.999999 0.999999 0.999999 0.999999 0.999999 0.999999 0.999999 0.999999 0.999999 0.999999 0.999999 0.999999 0.999999 0.999999 0.999999 0.999999 0.999999 0.999999 0.999999 0.999999 0.999999 0.999999 0.999999 0.999999 0.999999 0.999999 0.999999 0.999999 0.999999 0.999999 0.999999 0.999999 0.999999 0.999999 0.999999 0.999999 0.999999 0.999999 0.999999 0.999999 0.999999 0.999999 0.999999 0.999999 0.999999 
0.999999 0.999999 0.999999 0.999999 0.999999 0.999999 0.999999 0.999999 0.999999 0.999999 0.999999 0.999999 0.999999 0.999999 0.999999 0.999999 0.999999 0.999999 0.999999 0.999999 0.999999 0.999999 0.999999 0.999999 0.999999 0.999999 0.999999 0.999999 0.999999 0.999999 0.999999 0.999999 0.999999 0.999999 0.999999 0.999999 0.999999 0.999999 0.999999 0.999999 0.999999 0.999999 0.999999 0.999999 0.999999 0.999999 0.999999 0.999999 0.999999 0.999999 
0.999999 0.999999 0.999999 0.999999 0.999999 0.999999 0.999999 0.999999 0.999999 0.999999 0.999999 0.999999 0.999999 0.999999 0.999999 0.999999 0.999999 0.999999 0.999999 0.999999 0.999999 0.999999 0.999999 0.999999 0.999999 0.999999 0.999999 0.999999 0.999999 0.999999 0.999999 0.999999 0.999999 0.999999 0.999999 0.999999 0.999999 0.999999 0.999999 0.999999 0.999999 0.999999 0.999999 0.999999 0.999999 0.999999 0.999999 0.999999 0.999999 0.999999 
0.999999 0.999999 0.999999 0.999999 0.999999 0.999999 0.999999 0.999999 0.999999 0.999999 0.999999 0.999999 0.999999 0.999999 0.999999 0.999999 0.999999 0.999999 0.999999 0.999999 0.999999 0.999999 0.999999 0.999999 0.999999 0.999999 0.999999 0.999999 0.999999 0.999999 0.999999 0.999999 0.999999 0.999999 0.999999 0.999999 0.999999 0.999999 0.999999 0.999999 0.999999 0.999999 0.999999 0.999999 0.999999 0.999999 0.999999 0.999999 0.999999 0.999999 
0.999999 0.999999 0.999999 0.999999 0.999999 0.999999 0.999999 0.999999 0.999999 0.999999 0.999999 0.999999 0.999999 0.999999 0.999999 0.999999 0.999999 0.999999 0.999999 0.999999 0.999999 0.999999 0.999999 0.999999 0.999999 0.999999 0.999999 0.999999 0.999999 0.999999 0.999999 0.999999 0.999999 0.999999 0.999999 0.999999 0.999999 0.999999 0.999999 0.999999 0.999999 0.999999 0.999999 0.999999 0.999999 0.999999 0.999999 0.999998 0.999998 0.999998 
0.999998 0.999998 0.999998 0.999998 0.999998 0.999998 0.999998 0.999998 0.999998 0.999998 0.999998 0.999998 0.999998 0.999998 0.999998 0.999998 0.999998 0.999998 0.999998 0.999998 0.999998 0.999998 0.999998 0.999998 0.999998 0.999998 0.999998 0.999998 0.999998 0.999998 0.999998 0.999998 0.999998 0.999998 0.999998 0.999998 0.999998 0.999998 0.999998 0.999998 0.999998 0.999998 0.999998 0.999998 0.999998 0.999998 0.999998 0.999998 0.999998 0.999998 
0.999998 0.999998 0.999998 0.999998 0.999998 0.999998 0.999998 0.999998 0.999998 0.999998 0.999998 0.999998 0.999998 0.999998 0.999998 0.999998 0.999998 0.999998 0.999998 0.999998 0.999998 0.999998 0.999998 0.999998 0.999998 0.999998 0.999998 0.999998 0.999998 0.999998 0.999998 0.999998 0.999998 0.999998 0.999998 0.999998 0.999998 0.999998 0.999998 0.999998 0.999998 0.999998 0.999998 0.999998 0.999998 0.999998 0.999998 0.999998 0.999997 0.999997 
0.999997 0.999997 0.999997 0.999997 0.999997 0.999997 0.999997 0.999997 0.999997 0.999997 0.999997 0.999997 0.999997 0.999997 0.999997 0.999997 0.999997 0.999997 0.999997 0.999997 0.999997 0.999997 0.999997 0.999997 0.999997 0.999997 0.999997 0.999997 0.999997 0.999997 0.999997 0.999997 0.999997 0.999997 0.999997 0.999997 0.999997 0.999997 0.999997 0.999997 0.999997 0.999997 0.999997 0.999997 0.999997 0.999997 0.999997 0.999997 0.999997 0.999996 
0.999996 0.999996 0.999996 0.999996 0.999996 0.999996 0.999996 0.999996 0.999996 0.999996 0.999996 0.999996 0.999996 0.999996 0.999996 0.999996 0.999996 0.999996 0.999996 0.999996 0.999996 0.999996 0.999996 0.999996 0.999996 0.999996 0.999996 0.999996 0.999996 0.999996 0.999996 0.999996 0.999996 0.999996 0.999996 0.999996 0.999996 0.999996 0.999996 0.999996 0.999996 0.999996 0.999996 0.999996 0.999996 0.999996 0.999996 0.999996 0.999996 0.999995 
0.999995 0.999995 0.999995 0.999995 0.999995 0.999995 0.999995 0.999995 0.999995 0.999995 0.999995 0.999995 0.999995 0.999995 0.999995 0.999995 0.999995 0.999995 0.999995 0.999995 0.999995 0.999995 0.999995 0.999995 0.999995 0.999995 0.999995 0.999995 0.999995 0.999995 0.999995 0.999995 0.999995 0.999995 0.999995 0.999995 0.999995 0.999995 0.999995 0.999995 0.999995 0.999995 0.999995 0.999995 0.999995 0.999995 0.999995 0.999995 0.999995 0.999994 
0.999994 0.999994 0.999994 0.999994 0.999994 0.999994 0.999994 0.999994 0.999994 0.999994 0.999994 0.999994 0.999994 0.999994 0.999994 0.999994 0.999994 0.999994 0.999994 0.999994 0.999994 0.999994 0.999994 0.999994 0.999994 0.999994 0.999994 0.999994 0.999994 0.999994 0.999994 0.999994 0.999994 0.999994 0.999994 0.999994 0.999994 0.999994 0.999994 0.999994 0.999994 0.999994 0.999994 0.999994 0.999994 0.999994 0.999994 0.999994 0.999994 0.999993 
0.999993 0.999993 0.999993 0.999993 0.999993 0.999993 0.999993 0.999993 0.999993 0.999993 0.999993 0.999993 0.999993 0.999993 0.999993 0.999993 0.999993 0.999993 0.999993 0.999993 0.999993 0.999993 0.999993 0.999993 0.999993 0.999993 0.999993 0.999993 0.999993 0.999993 0.999993 0.999993 0.999993 0.999993 0.999993 0.999993 0.999993 0.999993 0.999993 0.999993 0.999993 0.999993 0.999993 0.999993 0.999993 0.999993 0.999992 0.999992 0.999992 0.999991 
0.999991 0.999991 0.999991 0.999991 0.999991 0.999991 0.999991 0.999991 0.999991 0.999991 0.999991 0.999991 0.999991 0.999991 0.999991 0.999991 0.999991 0.999991 0.999991 0.999991 0.999991 0.999991 0.999991 0.999991 0.999991 0.999991 0.999991 0.999991 0.999991 0.999991 0.999991 0.999991 0.999991 0.999991 0.999991 0.999991 0.999991 0.999991 0.999991 0.999991 0.999991 0.999991 0.999991 0.999991 0.999991 0.999991 0.999991 0.99999 0.99999 0.999989 
0.999988 0.999988 0.999988 0.999988 0.999988 0.999988 0.999988 0.999988 0.999988 0.999988 0.999988 0.999988 0.999988 0.999988 0.999988 0.999988 0.999988 0.999988 0.999988 0.999988 0.999988 0.999988 0.999988 0.999988 0.999988 0.999988 0.999988 0.999988 0.999988 0.999988 0.999988 0.999988 0.999988 0.999988 0.999988 0.999988 0.999988 0.999988 0.999988 0.999988 0.999988 0.999988 0.999988 0.999988 0.999988 0.999988 0.999988 0.999988 0.999987 0.999986 
0.999986 0.999986 0.999986 0.999986 0.999986 0.999986 0.999986 0.999986 0.999986 0.999986 0.999986 0.999986 0.999986 0.999986 0.999986 0.999986 0.999986 0.999986 0.999986 0.999986 0.999986 0.999986 0.999986 0.999986 0.999986 0.999986 0.999986 0.999986 0.999986 0.999986 0.999986 0.999986 0.999986 0.999986 0.999986 0.999986 0.999986 0.999986 0.999986 0.999986 0.999986 0.999986 0.999986 0.999986 0.999986 0.999985 0.999985 0.999985 0.999984 0.999982 
0.999982 0.999982 0.999982 0.999982 0.999982 0.999982 0.999982 0.999982 0.999982 0.999982 0.999982 0.999982 0.999982 0.999982 0.999982 0.999982 0.999982 0.999982 0.999982 0.999982 0.999982 0.999982 0.999982 0.999982 0.999982 0.999982 0.999982 0.999982 0.999982 0.999982 0.999982 0.999982 0.999982 0.999982 0.999982 0.999982 0.999982 0.999982 0.999982 0.999982 0.999982 0.999982 0.999982 0.999982 0.999982 0.999982 0.999982 0.999981 0.99998 0.999978 
0.999978 0.999978 0.999978 0.999978 0.999978 0.999978 0.999978 0.999978 0.999978 0.999978 0.999978 0.999978 0.999978 0.999978 0.999978 0.999978 0.999978 0.999978 0.999978 0.999978 0.999978 0.999978 0.999978 0.999978 0.999978 0.999978 0.999978 0.999978 0.999978 0.999978 0.999978 0.999978 0.999978 0.999978 0.999978 0.999978 0.999978 0.999978 0.999978 0.999978 0.999978 0.999978 0.999978 0.999978 0.999978 0.999978 0.999977 0.999977 0.999976 0.999973 
0.999973 0.999973 0.999973 0.999973 0.999973 0.999973 0.999973 0.999973 0.999973 0.999973 0.999973 0.999973 0.999973 0.999973 0.999973 0.999973 0.999973 0.999973 0.999973 0.999973 0.999973 0.999973 0.999973 0.999973 0.999973 0.999973 0.999973 0.999973 0.999973 0.999973 0.999973 0.999973 0.999973 0.999973 0.999973 0.999973 0.999973 0.999973 0.999973 0.999973 0.999973 0.999973 0.999973 0.999973 0.999973 0.999972 0.999972 0.999971 0.99997 0.999966 
0.999966 0.999966 0.999966 0.999966 0.999966 0.999966 0.999966 0.999966 0.999966 0.999966 0.999966 0.999966 0.999966 0.999966 0.999966 0.999966 0.999966 0.999966 0.999966 0.999966 0.999966 0.999966 0.999966 0.999966 0.999966 0.999966 0.999966 0.999966 0.999966 0.999966 0.999966 0.999966 0.999966 0.999966 0.999966 0.999966 0.999966 0.999966 0.999966 0.999966 0.999966 0.999966 0.999966 0.999966 0.999966 0.999966 0.999966 0.999965 0.999963 0.999958 
0.999959 0.999959 0.999959 0.999959 0.999959 0.999959 0.999959 0.999959 0.999959 0.999959 0.999959 0.999959 0.999959 0.999959 0.999959 0.999959 0.999959 0.999959 0.999959 0.999959 0.999959 0.999959 0.999959 0.999959 0.999959 0.999959 0.999959 0.999959 0.999959 0.999959 0.999959 0.999959 0.999959 0.999959 0.999959 0.999959 0.999959 0.999959 0.999959 0.999959 0.999959 0.999959 0.999959 0.999959 0.999958 0.999958 0.999958 0.999957 0.999954 0.999949 
0.999949 0.999949 0.999949 0.999949 0.999949 0.999949 0.999949 0.999949 0.999949 0.999949 0.999949 0.999949 0.999949 0.999949 0.999949 0.999949 0.999949 0.999949 0.999949 0.999949 0.999949 0.999949 0.999949 0.999949 0.999949 0.999949 0.999949 0.999949 0.999949 0.999949 0.999949 0.999949 0.999949 0.999949 0.999949 0.999949 0.999949 0.999949 0.999949 0.999949 0.999949 0.999949 0.999949 0.999949 0.999949 0.999949 0.999948 0.999947 0.999944 0.999937 
0.999938 0.999938 0.999938 0.999938 0.999938 0.999938 0.999938 0.999938 0.999938 0.999938 0.999938 0.999938 0.999938 0.999938 0.999938 0.999938 0.999938 0.999938 0.999938 0.999938 0.999938 0.999938 0.999938 0.999938 0.999938 0.999938 0.999938 0.999938 0.999938 0.999938 0.999938 0.999938 0.999938 0.999938 0.999938 0.999938 0.999938 0.999938 0.999938 0.999938 0.999938 0.999938 0.999938 0.999938 0.999938 0.999937 0.999936 0.999935 0.999931 0.999923 
0.999924 0.999924 0.999924 0.999924 0.999924 0.999924 0.999924 0.999924 0.999924 0.999924 0.999924 0.999924 0.999924 0.999924 0.999924 0.999924 0.999924 0.999924 0.999924 0.999924 0.999924 0.999924 0.999924 0.999924 0.999924 0.999924 0.999924 0.999924 0.999924 0.999924 0.999924 0.999924 0.999924 0.999924 0.999924 0.999924 0.999924 0.999924 0.999924 0.999924 0.999924 0.999924 0.999924 0.999924 0.999924 0.999923 0.999922 0.99992 0.999916 0.999906 
0.999908 0.999908 0.999908 0.999908 0.999908 0.999908 0.999908 0.999908 0.999908 0.999908 0.999908 0.999908 0.999908 0.999908 0.999908 0.999908 0.999908 0.999908 0.999908 0.999908 0.999908 0.999908 0.999908 0.999908 0.999908 0.999908 0.999908 0.999908 0.999908 0.999908 0.999908 0.999908 0.999908 0.999908 0.999908 0.999908 0.999908 0.999908 0.999908 0.999908 0.999908 0.999908 0.999908 0.999907 0.999907 0.999906 0.999905 0.999903 0.999897 0.999885 
0.999888 0.999888 0.999888 0.999888 0.999888 0.999888 0.999888 0.999888 0.999888 0.999888 0.999888 0.999888 0.999888 0.999888 0.999888 0.999888 0.999888 0.999888 0.999888 0.999888 0.999888 0.999888 0.999888 0.999888 0.999888 0.999888 0.999888 0.999888 0.999888 0.999888 0.999888 0.999888 0.999888 0.999888 0.999888 0.999888 0.999888 0.999888 0.999888 0.999888 0.999888 0.999888 0.999888 0.999887 0.999887 0.999886 0.999885 0.999882 0.999875 0.99986 
0.999864 0.999864 0.999864 0.999864 0.999864 0.999864 0.999864 0.999864 0.999864 0.999864 0.999864 0.999864 0.999864 0.999864 0.999864 0.999864 0.999864 0.999864 0.999864 0.999864 0.999864 0.999864 0.999864 0.999864 0.999864 0.999864 0.999864 0.999864 0.999864 0.999864 0.999864 0.999864 0.999864 0.999864 0.999864 0.999864 0.999864 0.999864 0.999864 0.999864 0.999864 0.999864 0.999864 0.999863 0.999863 0.999862 0.99986 0.999856 0.999848 0.99983 
0.999836 0.999836 0.999836 0.999836 0.999836 0.999836 0.999836 0.999836 0.999836 0.999836 0.999836 0.999836 0.999836 0.999836 0.999836 0.999836 0.999836 0.999836 0.999836 0.999836 0.999836 0.999836 0.999836 0.999836 0.999836 0.999836 0.999836 0.999836 0.999836 0.999836 0.999836 0.999836 0.999836 0.999836 0.999836 0.999836 0.999836 0.999836 0.999836 0.999836 0.999836 0.999835 0.999835 0.999835 0.999834 0.999833 0.999831 0.999826 0.999816 0.999794 
0.999802 0.999802 0.999802 0.999802 0.999802 0.999802 0.999802 0.999802 0.999802 0.999802 0.999802 0.999802 0.999802 0.999802 0.999802 0.999802 0.999802 0.999802 0.999802 0.999802 0.999802 0.999802 0.999802 0.999802 0.999802 0.999802 0.999802 0.999802 0.999802 0.999802 0.999802 0.999802 0.999802 0.999802 0.999802 0.999802 0.999802 0.999802 0.999802 0.999802 0.999802 0.999801 0.999801 0.999801 0.9998 0.999798 0.999795 0.99979 0.999778 0.999751 
0.999761 0.999761 0.999761 0.999761 0.999761 0.999761 0.999761 0.999761 0.999761 0.999761 0.999761 0.999761 0.999761 0.999761 0.999761 0.999761 0.999761 0.999761 0.999761 0.999761 0.999761 0.999761 0.999761 0.999761 0.999761 0.999761 0.999761 0.999761 0.999761 0.999761 0.999761 0.999761 0.999761 0.999761 0.999761 0.999761 0.999761 0.999761 0.999761 0.999761 0.999761 0.999761 0.99976 0.99976 0.999759 0.999757 0.999753 0.999746 0.999732 0.999699 
0.999713 0.999713 0.999713 0.999713 0.999713 0.999713 0.999713 0.999713 0.999713 0.999713 0.999713 0.999713 0.999713 0.999713 0.999713 0.999713 0.999713 0.999713 0.999713 0.999713 0.999713 0.999713 0.999713 0.999713 0.999713 0.999713 0.999713 0.999713 0.999713 0.999713 0.999713 0.999713 0.999713 0.999713 0.999713 0.999713 0.999713 0.999713 0.999713 0.999713 0.999713 0.999713 0.999712 0.999711 0.99971 0.999708 0.999703 0.999695 0.999678 0.999638 
0.999656 0.999656 0.999656 0.999656 0.999656 0.999656 0.999656 0.999656 0.999656 0.999656 0.999656 0.999656 0.999656 0.999656 0.999656 0.999656 0.999656 0.999656 0.999656 0.999656 0.999656 0.999656 0.999656 0.999656 0.999656 0.999656 0.999656 0.999656 0.999656 0.999656 0.999656 0.999656 0.999656 0.999656 0.999656 0.999656 0.999656 0.999656 0.999656 0.999656 0.999656 0.999656 0.999655 0.999654 0.999652 0.99965 0.999644 0.999634 0.999613 0.999566 
0.999589 0.999589 0.999589 0.999589 0.999589 0.999589 0.999589 0.999589 0.999589 0.999589 0.999589 0.999589 0.999589 0.999589 0.999589 0.999589 0.999589 0.999589 0.999589 0.999589 0.999589 0.999589 0.999589 0.999589 0.999589 0.999589 0.999589 0.999589 0.999589 0.999589 0.999589 0.999589 0.999589 0.999589 0.999589 0.999589 0.999589 0.999589 0.999589 0.999589 0.999588 0.999588 0.999587 0.999586 0.999584 0.999581 0.999574 0.999562 0.999537 0.99948 
0.99951 0.99951 0.99951 0.99951 0.99951 0.99951 0.99951 0.99951 0.99951 0.99951 0.99951 0.99951 0.99951 0.99951 0.99951 0.99951 0.99951 0.99951 0.99951 0.99951 0.99951 0.99951 0.99951 0.99951 0.99951 0.99951 0.99951 0.99951 0.99951 0.99951 0.99951 0.99951 0.99951 0.99951 0.99951 0.999509 0.999509 0.999509 0.999509 0.999509 0.999509 0.999508 0.999508 0.999506 0.999504 0.999499 0.999492 0.999477 0.999446 0.999379 
0.999416 0.999416 0.999416 0.999416 0.999416 0.999416 0.999416 0.999416 0.999416 0.999416 0.999416 0.999416 0.999416 0.999416 0.999416 0.999416 0.999416 0.999416 0.999416 0.999416 0.999416 0.999416 0.999416 0.999416 0.999416 0.999416 0.999416 0.999416 0.999416 0.999416 0.999416 0.999416 0.999416 0.999416 0.999416 0.999416 0.999416 0.999416 0.999416 0.999416 0.999415 0.999415 0.999414 0.999412 0.999409 0.999404 0.999394 0.999376 0.99934 0.99926 
0.999307 0.999307 0.999307 0.999307 0.999307 0.999307 0.999307 0.999307 0.999307 0.999307 0.999307 0.999307 0.999307 0.999307 0.999307 0.999307 0.999307 0.999307 0.999307 0.999307 0.999307 0.999307 0.999307 0.999307 0.999307 0.999307 0.999307 0.999307 0.999307 0.999307 0.999307 0.999307 0.999307 0.999307 0.999307 0.999307 0.999307 0.999306 0.999306 0.999306 0.999306 0.999305 0.999304 0.999302 0.999298 0.999292 0.99928 0.999258 0.999215 0.99912 
0.999178 0.999178 0.999178 0.999178 0.999178 0.999178 0.999178 0.999178 0.999178 0.999178 0.999178 0.999178 0.999178 0.999178 0.999178 0.999178 0.999178 0.999178 0.999178 0.999178 0.999178 0.999178 0.999178 0.999178 0.999178 0.999178 0.999178 0.999178 0.999178 0.999178 0.999178 0.999178 0.999178 0.999178 0.999178 0.999178 0.999178 0.999178 0.999178 0.999178 0.999177 0.999176 0.999175 0.999172 0.999168 0.99916 0.999146 0.99912 0.999068 0.998955 
0.999029 0.999029 0.999029 0.999029 0.999029 0.999029 0.999029 0.999029 0.999029 0.999029 0.999029 0.999029 0.999029 0.999029 0.999029 0.999029 0.999029 0.999029 0.999029 0.999029 0.999029 0.999029 0.999029 0.999029 0.999029 0.999029 0.999029 0.999029 0.999029 0.999029 0.999029 0.999029 0.999029 0.999029 0.999029 0.999029 0.999029 0.999028 0.999028 0.999028 0.999027 0.999026 0.999024 0.999021 0.999016 0.999006 0.998989 0.998958 0.998897 0.998763 
0.998855 0.998855 0.998855 0.998855 0.998855 0.998855 0.998855 0.998855 0.998855 0.998855 0.998855 0.998855 0.998855 0.998855 0.998855 0.998855 0.998855 0.998855 0.998855 0.998855 0.998855 0.998855 0.998855 0.998855 0.998855 0.998855 0.998855 0.998855 0.998855 0.998855 0.998855 0.998855 0.998854 0.998854 0.998854 0.998854 0.998854 0.998854 0.998854 0.998853 0.998853 0.998851 0.998849 0.998845 0.998839 0.998827 0.998807 0.99877 0.998697 0.998539 
0.998652 0.998652 0.998652 0.998652 0.998652 0.998652 0.998652 0.998652 0.998652 0.998652 0.998652 0.998652 0.998652 0.998652 0.998652 0.998652 0.998652 0.998652 0.998652 0.998652 0.998652 0.998652 0.998652 0.998652 0.998652 0.998652 0.998652 0.998652 0.998652 0.998652 0.998652 0.998652 0.998652 0.998652 0.998652 0.998652 0.998652 0.998652 0.998651 0.998651 0.99865 0.998648 0.998645 0.998641 0.998633 0.998619 0.998595 0.99855 0.998464 0.998278 
0.998417 0.998417 0.998417 0.998417 0.998417 0.998417 0.998417 0.998417 0.998417 0.998417 0.998417 0.998417 0.998417 0.998417 0.998417 0.998417 0.998417 0.998417 0.998417 0.998417 0.998417 0.998417 0.998417 0.998417 0.998417 0.998417 0.998417 0.998417 0.998417 0.998417 0.998417 0.998417 0.998417 0.998417 0.998417 0.998417 0.998417 0.998417 0.998416 0.998416 0.998414 0.998412 0.998409 0.998403 0.998394 0.998377 0.998348 0.998295 0.998193 0.997975 
0.998146 0.998146 0.998146 0.998146 0.998146 0.998146 0.998146 0.998146 0.998146 0.998146 0.998146 0.998146 0.998146 0.998146 0.998146 0.998146 0.998146 0.998146 0.998146 0.998146 0.998146 0.998146 0.998146 0.998146 0.998146 0.998146 0.998146 0.998146 0.998146 0.998146 0.998146 0.998146 0.998146 0.998146 0.998146 0.998146 0.998146 0.998145 0.998145 0.998144 0.998142 0.99814 0.998136 0.998129 0.998117 0.998098 0.998063 0.998 0.99788 0.997624 
0.997833 0.997833 0.997833 0.997833 0.997833 0.997833 0.997833 0.997833 0.997833 0.997833 0.997833 0.997833 0.997833 0.997833 0.997833 0.997833 0.997833 0.997833 0.997833 0.997833 0.997833 0.997833 0.997833 0.997833 0.997833 0.997833 0.997833 0.997833 0.997833 0.997833 0.997833 0.997833 0.997833 0.997833 0.997833 0.997833 0.997833 0.997832 0.997831 0.99783 0.997829 0.997826 0.997821 0.997812 0.997798 0.997775 0.997734 0.997659 0.997518 0.997218 
0.997473 0.997473 0.997473 0.997473 0.997473 0.997473 0.997473 0.997473 0.997473 0.997473 0.997473 0.997473 0.997473 0.997473 0.997473 0.997473 0.997473 0.997473 0.997473 0.997473 0.997473 0.997473 0.997473 0.997473 0.997473 0.997473 0.997473 0.997473 0.997473 0.997473 0.997473 0.997473 0.997473 0.997473 0.997473 0.997473 0.997472 0.997472 0.997471 0.99747 0.997468 0.997464 0.997458 0.997448 0.997431 0.997403 0.997354 0.997267 0.9971 0.996751 
0.99706 0.99706 0.99706 0.99706 0.99706 0.99706 0.99706 0.99706 0.99706 0.99706 0.99706 0.99706 0.99706 0.99706 0.99706 0.99706 0.99706 0.99706 0.99706 0.99706 0.99706 0.99706 0.99706 0.99706 0.99706 0.99706 0.99706 0.99706 0.99706 0.99706 0.99706 0.99706 0.99706 0.99706 0.99706 0.99706 0.997059 0.997059 0.997058 0.997056 0.997053 0.997049 0.997042 0.99703 0.99701 0.996976 0.996918 0.996815 0.99662 0.996213 
0.996587 0.996587 0.996587 0.996587 0.996587 0.996587 0.996587 0.996587 0.996587 0.996587 0.996587 0.996587 0.996587 0.996587 0.996587 0.996587 0.996587 0.996587 0.996587 0.996587 0.996587 0.996587 0.996587 0.996587 0.996587 0.996587 0.996587 0.996587 0.996587 0.996587 0.996587 0.996587 0.996587 0.996587 0.996587 0.996587 0.996586 0.996585 0.996584 0.996582 0.996579 0.996573 0.996565 0.99655 0.996527 0.996487 0.996418 0.996297 0.996069 0.995597 
0.996047 0.996047 0.996047 0.996047 0.996047 0.996047 0.996047 0.996047 0.996047 0.996047 0.996047 0.996047 0.996047 0.996047 0.996047 0.996047 0.996047 0.996047 0.996047 0.996047 0.996047 0.996047 0.996047 0.996047 0.996047 0.996047 0.996047 0.996047 0.996047 0.996047 0.996047 0.996047 0.996047 0.996047 0.996047 0.996046 0.996046 0.996045 0.996043 0.996041 0.996037 0.996031 0.99602 0.996003 0.995975 0.995927 0.995846 0.995704 0.995439 0.994892 
0.995432 0.995432 0.995432 0.995432 0.995432 0.995432 0.995432 0.995432 0.995432 0.995432 0.995432 0.995432 0.995432 0.995432 0.995432 0.995432 0.995432 0.995432 0.995432 0.995432 0.995432 0.995432 0.995432 0.995432 0.995432 0.995432 0.995432 0.995432 0.995432 0.995432 0.995432 0.995432 0.995432 0.995432 0.995432 0.995431 0.99543 0.995429 0.995427 0.995424 0.99542 0.995412 0.995399 0.995379 0.995345 0.995289 0.995194 0.995028 0.994719 0.994087 
0.994733 0.994733 0.994733 0.994733 0.994733 0.994733 0.994733 0.994733 0.994733 0.994733 0.994733 0.994733 0.994733 0.994733 0.994733 0.994733 0.994733 0.994733 0.994733 0.994733 0.994733 0.994733 0.994733 0.994733 0.994733 0.994733 0.994733 0.994733 0.994733 0.994733 0.994733 0.994733 0.994733 0.994733 0.994733 0.994732 0.994731 0.99473 0.994727 0.994724 0.994718 0.994709 0.994694 0.994669 0.994629 0.994563 0.994452 0.994258 0.993899 0.993171 
0.993941 0.993941 0.993941 0.993941 0.993941 0.993941 0.993941 0.993941 0.993941 0.993941 0.993941 0.993941 0.993941 0.993941 0.993941 0.993941 0.993941 0.993941 0.993941 0.993941 0.993941 0.993941 0.993941 0.993941 0.993941 0.993941 0.993941 0.993941 0.993941 0.993941 0.993941 0.993941 0.993941 0.993941 0.99394 0.993939 0.993938 0.993937 0.993934 0.993929 0.993922 0.993911 0.993893 0.993864 0.993817 0.993739 0.993609 0.993383 0.992968 0.99213 
0.993045 0.993045 0.993045 0.993045 0.993045 0.993045 0.993045 0.993045 0.993045 0.993045 0.993045 0.993045 0.993045 0.993045 0.993045 0.993045 0.993045 0.993045 0.993045 0.993045 0.993045 0.993045 0.993045 0.993045 0.993045 0.993045 0.993045 0.993045 0.993045 0.993045 0.993045 0.993045 0.993045 0.993045 0.993044 0.993043 0.993042 0.99304 0.993037 0.993031 0.993023 0.993009 0.992988 0.992953 0.992898 0.992806 0.992654 0.992391 0.991913 0.990951 
0.992035 0.992035 0.992035 0.992035 0.992035 0.992035 0.992035 0.992035 0.992035 0.992035 0.992035 0.992035 0.992035 0.992035 0.992035 0.992035 0.992035 0.992035 0.992035 0.992035 0.992035 0.992035 0.992035 0.992035 0.992035 0.992035 0.992035 0.992035 0.992035 0.992035 0.992035 0.992035 0.992034 0.992034 0.992033 0.992032 0.992031 0.992028 0.992024 0.992018 0.992008 0.991992 0.991966 0.991925 0.99186 0.991753 0.991575 0.991271 0.990719 0.989619 
0.990898 0.990898 0.990898 0.990898 0.990898 0.990898 0.990898 0.990898 0.990898 0.990898 0.990898 0.990898 0.990898 0.990898 0.990898 0.990898 0.990898 0.990898 0.990898 0.990898 0.990898 0.990898 0.990898 0.990898 0.990898 0.990898 0.990898 0.990898 0.990898 0.990898 0.990898 0.990898 0.990898 0.990897 0.990896 0.990895 0.990893 0.99089 0.990885 0.990877 0.990865 0.990846 0.990816 0.990768 0.99069 0.990566 0.990359 0.990007 0.989373 0.988117 
0.989622 0.989622 0.989622 0.989622 0.989622 0.989622 0.989622 0.989622 0.989622 0.989622 0.989622 0.989622 0.989622 0.989622 0.989622 0.989622 0.989622 0.989622 0.989622 0.989622 0.989622 0.989622 0.989622 0.989622 0.989622 0.989622 0.989622 0.989622 0.989622 0.989622 0.989622 0.989622 0.989621 0.989621 0.98962 0.989618 0.989616 0.989612 0.989606 0.989597 0.989583 0.98956 0.989524 0.989467 0.989377 0.989231 0.988992 0.988586 0.987859 0.986427 
0.988194 0.988194 0.988194 0.988194 0.988194 0.988194 0.988194 0.988194 0.988194 0.988194 0.988194 0.988194 0.988194 0.988194 0.988194 0.988194 0.988194 0.988194 0.988194 0.988194 0.988194 0.988194 0.988194 0.988194 0.988194 0.988194 0.988194 0.988194 0.988194 0.988194 0.988194 0.988193 0.988193 0.988192 0.988191 0.988189 0.988186 0.988182 0.988174 0.988163 0.988146 0.988119 0.988077 0.98801 0.987904 0.987735 0.987458 0.986991 0.986159 0.984531 
0.986599 0.986599 0.986599 0.986599 0.986599 0.986599 0.986599 0.986599 0.986599 0.986599 0.986599 0.986599 0.986599 0.986599 0.986599 0.986599 0.986599 0.986599 0.986599 0.986599 0.986599 0.986599 0.986599 0.986599 0.986599 0.986599 0.986599 0.986599 0.986599 0.986598 0.986598 0.986598 0.986597 0.986596 0.986595 0.986593 0.986589 0.986584 0.986575 0.986562 0.986541 0.986509 0.986459 0.986381 0.986258 0.986061 0.985741 0.985205 0.984256 0.98241 
0.984821 0.984821 0.984821 0.984821 0.984821 0.984821 0.984821 0.984821 0.984821 0.984821 0.984821 0.984821 0.984821 0.984821 0.984821 0.984821 0.984821 0.984821 0.984821 0.984821 0.984821 0.984821 0.984821 0.984821 0.984821 0.984821 0.984821 0.984821 0.984821 0.984821 0.984821 0.98482 0.98482 0.984818 0.984817 0.984814 0.98481 0.984803 0.984793 0.984777 0.984753 0.984715 0.984656 0.984565 0.984421 0.984193 0.983825 0.98321 0.982129 0.980041 
0.982846 0.982846 0.982846 0.982846 0.982846 0.982846 0.982846 0.982846 0.982846 0.982846 0.982846 0.982846 0.982846 0.982846 0.982846 0.982846 0.982846 0.982846 0.982846 0.982846 0.982846 0.982846 0.982846 0.982846 0.982846 0.982846 0.982846 0.982846 0.982846 0.982846 0.982845 0.982845 0.982844 0.982843 0.982841 0.982837 0.982832 0.982824 0.982812 0.982793 0.982764 0.982719 0.982651 0.982544 0.982377 0.982114 0.981691 0.980988 0.97976 0.977403 
0.980657 0.980657 0.980657 0.980657 0.980657 0.980657 0.980657 0.980657 0.980657 0.980657 0.980657 0.980657 0.980657 0.980657 0.980657 0.980657 0.980657 0.980657 0.980657 0.980657 0.980657 0.980657 0.980657 0.980657 0.980657 0.980657 0.980657 0.980657 0.980656 0.980656 0.980656 0.980655 0.980654 0.980652 0.98065 0.980646 0.98064 0.98063 0.980615 0.980593 0.980559 0.980506 0.980426 0.980301 0.980108 0.979805 0.97932 0.978518 0.977126 0.974472 
0.978235 0.978236 0.978236 0.978236 0.978236 0.978236 0.978236 0.978236 0.978236 0.978236 0.978236 0.978236 0.978236 0.978236 0.978236 0.978236 0.978236 0.978236 0.978236 0.978236 0.978236 0.978236 0.978236 0.978236 0.978235 0.978235 0.978235 0.978235 0.978235 0.978235 0.978234 0.978233 0.978232 0.97823 0.978227 0.978222 0.978215 0.978203 0.978186 0.978159 0.978119 0.978057 0.977963 0.977819 0.977596 0.977247 0.976691 0.97578 0.974205 0.971223 
0.975565 0.975565 0.975565 0.975565 0.975565 0.975565 0.975565 0.975565 0.975565 0.975565 0.975565 0.975565 0.975565 0.975565 0.975565 0.975565 0.975565 0.975565 0.975565 0.975565 0.975565 0.975565 0.975565 0.975565 0.975565 0.975565 0.975564 0.975564 0.975564 0.975564 0.975563 0.975562 0.97556 0.975558 0.975554 0.975548 0.975539 0.975526 0.975505 0.975474 0.975426 0.975354 0.975245 0.975077 0.97482 0.97442 0.973785 0.972751 0.970974 0.967631 
0.972626 0.972626 0.972626 0.972626 0.972626 0.972626 0.972626 0.972626 0.972626 0.972626 0.972626 0.972626 0.972626 0.972626 0.972626 0.972626 0.972626 0.972626 0.972626 0.972626 0.972626 0.972626 0.972626 0.972626 0.972626 0.972626 0.972625 0.972625 0.972625 0.972624 0.972624 0.972622 0.97262 0.972617 0.972613 0.972606 0.972595 0.972579 0.972555 0.972518 0.972462 0.972378 0.972251 0.972057 0.971761 0.971302 0.97058 0.969408 0.967408 0.96367 
0.9694 0.9694 0.9694 0.9694 0.9694 0.9694 0.9694 0.9694 0.9694 0.9694 0.9694 0.9694 0.9694 0.9694 0.9694 0.9694 0.9694 0.9694 0.9694 0.9694 0.9694 0.9694 0.9694 0.9694 0.9694 0.9694 0.9694 0.969399 0.969399 0.969398 0.969397 0.969396 0.969393 0.96939 0.969384 0.969376 0.969363 0.969344 0.969315 0.969272 0.969207 0.969108 0.968961 0.968737 0.968397 0.967873 0.967053 0.965729 0.963482 0.959311 
0.965868 0.965868 0.965868 0.965868 0.965868 0.965868 0.965868 0.965868 0.965868 0.965868 0.965868 0.965868 0.965868 0.965868 0.965868 0.965868 0.965868 0.965868 0.965868 0.965868 0.965868 0.965868 0.965868 0.965868 0.965868 0.965868 0.965867 0.965867 0.965866 0.965866 0.965865 0.965863 0.96586 0.965855 0.965849 0.965839 0.965824 0.965801 0.965767 0.965716 0.96564 0.965526 0.965355 0.965098 0.964708 0.964111 0.96318 0.961688 0.959171 0.954528 
0.96201 0.96201 0.96201 0.96201 0.96201 0.96201 0.96201 0.96201 0.96201 0.96201 0.96201 0.96201 0.96201 0.96201 0.96201 0.96201 0.96201 0.96201 0.96201 0.96201 0.96201 0.96201 0.96201 0.96201 0.96201 0.96201 0.962009 0.962009 0.962008 0.962007 0.962006 0.962004 0.962 0.961995 0.961987 0.961975 0.961957 0.96193 0.96189 0.961831 0.961742 0.96161 0.961412 0.961117 0.960671 0.959992 0.95894 0.957261 0.954447 0.94929 
0.957807 0.957807 0.957807 0.957807 0.957807 0.957807 0.957807 0.957807 0.957807 0.957807 0.957807 0.957807 0.957807 0.957807 0.957807 0.957807 0.957807 0.957807 0.957807 0.957807 0.957807 0.957807 0.957807 0.957807 0.957807 0.957806 0.957806 0.957806 0.957805 0.957804 0.957802 0.957799 0.957795 0.957789 0.957779 0.957765 0.957744 0.957712 0.957665 0.957596 0.957492 0.957339 0.957112 0.956773 0.956265 0.955495 0.954307 0.952422 0.949283 0.94357 
0.953239 0.953239 0.953239 0.953239 0.953239 0.953239 0.953239 0.953239 0.953239 0.953239 0.953239 0.953239 0.953239 0.953239 0.953239 0.953239 0.953239 0.953239 0.953239 0.953239 0.953239 0.953239 0.953239 0.953239 0.953239 0.953238 0.953238 0.953237 0.953236 0.953235 0.953233 0.953229 0.953224 0.953217 0.953206 0.953189 0.953164 0.953127 0.953071 0.95299 0.95287 0.952693 0.952432 0.952045 0.951467 0.950594 0.949257 0.947147 0.943653 0.937338 
0.948287 0.948287 0.948287 0.948287 0.948287 0.948287 0.948287 0.948287 0.948287 0.948287 0.948287 0.948287 0.948287 0.948287 0.948287 0.948287 0.948287 0.948287 0.948287 0.948287 0.948287 0.948287 0.948286 0.948286 0.948286 0.948286 0.948285 0.948285 0.948284 0.948282 0.948279 0.948275 0.948269 0.94826 0.948247 0.948227 0.948197 0.948153 0.948089 0.947995 0.947856 0.947652 0.947352 0.94691 0.946254 0.945269 0.943766 0.941408 0.937529 0.930564 
0.942931 0.942931 0.942931 0.942931 0.942931 0.942931 0.942931 0.942931 0.942931 0.942931 0.942931 0.942931 0.942931 0.942931 0.942931 0.942931 0.942931 0.942931 0.942931 0.942931 0.942931 0.942931 0.942931 0.942931 0.94293 0.94293 0.942929 0.942929 0.942927 0.942925 0.942922 0.942917 0.94291 0.942899 0.942883 0.94286 0.942825 0.942774 0.942699 0.942589 0.942429 0.942194 0.941852 0.941348 0.940604 0.939494 0.937809 0.935182 0.930884 0.92322 
0.937154 0.937154 0.937154 0.937154 0.937154 0.937154 0.937154 0.937154 0.937154 0.937154 0.937154 0.937154 0.937154 0.937154 0.937154 0.937154 0.937154 0.937154 0.937154 0.937154 0.937154 0.937154 0.937153 0.937153 0.937153 0.937152 0.937152 0.937151 0.937149 0.937146 0.937143 0.937137 0.937128 0.937115 0.937097 0.937069 0.937028 0.936968 0.936881 0.936754 0.936569 0.9363 0.935909 0.935337 0.934496 0.933248 0.931363 0.928441 0.923691 0.915277 
0.930937 0.930937 0.930937 0.930937 0.930937 0.930937 0.930937 0.930937 0.930937 0.930937 0.930937 0.930937 0.930937 0.930937 0.930937 0.930937 0.930937 0.930937 0.930937 0.930937 0.930937 0.930937 0.930936 0.930936 0.930936 0.930935 0.930934 0.930933 0.930931 0.930928 0.930923 0.930916 0.930906 0.930891 0.930869 0.930836 0.930788 0.930718 0.930617 0.93047 0.930258 0.92995 0.929504 0.928856 0.927908 0.926507 0.924404 0.921161 0.915923 0.906706 
0.924263 0.924263 0.924263 0.924263 0.924263 0.924263 0.924263 0.924263 0.924263 0.924263 0.924263 0.924263 0.924263 0.924263 0.924263 0.924263 0.924263 0.924263 0.924263 0.924263 0.924263 0.924263 0.924263 0.924263 0.924262 0.924262 0.92426 0.924259 0.924256 0.924253 0.924247 0.924239 0.924227 0.924209 0.924182 0.924144 0.924088 0.924007 0.923889 0.92372 0.923476 0.923125 0.922618 0.921885 0.920819 0.91925 0.916908 0.913318 0.907554 0.897482 
0.917118 0.917118 0.917118 0.917118 0.917118 0.917118 0.917118 0.917118 0.917118 0.917118 0.917118 0.917118 0.917118 0.917118 0.917118 0.917118 0.917118 0.917118 0.917118 0.917118 0.917118 0.917118 0.917117 0.917117 0.917116 0.917115 0.917114 0.917112 0.917109 0.917105 0.917098 0.917088 0.917074 0.917052 0.917021 0.916976 0.916911 0.916817 0.916681 0.916487 0.916207 0.915807 0.915233 0.914406 0.913208 0.911456 0.908854 0.904888 0.898559 0.887577 
0.909486 0.909486 0.909486 0.909486 0.909486 0.909486 0.909486 0.909486 0.909486 0.909486 0.909486 0.909486 0.909486 0.909486 0.909486 0.909486 0.909486 0.909486 0.909486 0.909486 0.909485 0.909485 0.909485 0.909485 0.909484 0.909483 0.909481 0.909479 0.909475 0.90947 0.909462 0.90945 0.909433 0.909408 0.909371 0.909319 0.909243 0.909133 0.908977 0.908754 0.908435 0.90798 0.90733 0.906399 0.905057 0.903104 0.90022 0.895848 0.888916 0.876969 
0.901354 0.901354 0.901354 0.901354 0.901354 0.901354 0.901354 0.901354 0.901354 0.901354 0.901354 0.901354 0.901354 0.901354 0.901354 0.901354 0.901354 0.901354 0.901354 0.901354 0.901354 0.901353 0.901353 0.901352 0.901352 0.90135 0.901348 0.901345 0.901341 0.901335 0.901325 0.901311 0.901291 0.901261 0.901219 0.901157 0.901069 0.900943 0.900763 0.900507 0.900144 0.899628 0.898894 0.897848 0.896347 0.894176 0.890986 0.886178 0.878601 0.865634 
0.892711 0.892712 0.892712 0.892712 0.892712 0.892712 0.892712 0.892712 0.892712 0.892712 0.892712 0.892712 0.892712 0.892712 0.892712 0.892712 0.892711 0.892711 0.892711 0.892711 0.892711 0.892711 0.89271 0.89271 0.892709 0.892707 0.892705 0.892701 0.892696 0.892688 0.892677 0.89266 0.892636 0.892602 0.892552 0.89248 0.892378 0.892232 0.892026 0.891734 0.89132 0.890736 0.88991 0.888737 0.887064 0.884655 0.881134 0.875857 0.867595 0.853552 
0.883549 0.883549 0.883549 0.883549 0.883549 0.883549 0.883549 0.883549 0.883549 0.883549 0.883549 0.883549 0.883549 0.883549 0.883549 0.883549 0.883549 0.883549 0.883549 0.883549 0.883548 0.883548 0.883547 0.883547 0.883545 0.883543 0.883541 0.883536 0.88353 0.883521 0.883508 0.883488 0.88346 0.883419 0.883361 0.883278 0.88316 0.882992 0.882756 0.882422 0.881953 0.881294 0.880365 0.879053 0.877191 0.874524 0.870646 0.864869 0.855879 0.840705 
0.873859 0.873859 0.873859 0.873859 0.873859 0.873859 0.873859 0.873859 0.873859 0.873859 0.873859 0.873859 0.873859 0.873859 0.873859 0.873859 0.873859 0.873859 0.873859 0.873859 0.873858 0.873858 0.873857 0.873856 0.873855 0.873852 0.873849 0.873844 0.873836 0.873825 0.87381 0.873787 0.873753 0.873706 0.873638 0.873542 0.873405 0.873213 0.872943 0.872564 0.872033 0.871289 0.870248 0.868784 0.866716 0.863769 0.859509 0.853198 0.843438 0.827079 
0.863637 0.863637 0.863637 0.863637 0.863637 0.863637 0.863637 0.863637 0.863637 0.863637 0.863637 0.863637 0.863637 0.863637 0.863637 0.863637 0.863637 0.863637 0.863637 0.863637 0.863636 0.863636 0.863635 0.863634 0.863632 0.863629 0.863625 0.863619 0.86361 0.863597 0.863578 0.863551 0.863512 0.863457 0.863378 0.863266 0.86311 0.862889 0.862581 0.862151 0.861551 0.860715 0.859549 0.857919 0.855628 0.85238 0.847709 0.840829 0.830257 0.81266 
0.85288 0.852881 0.852881 0.852881 0.852881 0.852881 0.852881 0.852881 0.852881 0.852881 0.852881 0.852881 0.852881 0.852881 0.852881 0.852881 0.85288 0.85288 0.85288 0.85288 0.852879 0.852879 0.852878 0.852876 0.852874 0.852871 0.852866 0.852858 0.852848 0.852832 0.85281 0.852778 0.852733 0.852668 0.852577 0.852449 0.852268 0.852017 0.851666 0.851179 0.850503 0.849565 0.848263 0.846451 0.843918 0.840346 0.835236 0.827753 0.816326 0.797439 
0.841589 0.841589 0.841589 0.841589 0.84159 0.84159 0.84159 0.84159 0.84159 0.84159 0.841589 0.841589 0.841589 0.841589 0.841589 0.841589 0.841589 0.841589 0.841589 0.841588 0.841588 0.841587 0.841586 0.841584 0.841581 0.841577 0.841571 0.841563 0.84155 0.841532 0.841506 0.841468 0.841415 0.84134 0.841235 0.841087 0.840881 0.840594 0.840195 0.839645 0.838884 0.837834 0.836384 0.834375 0.831581 0.82766 0.822082 0.813961 0.801637 0.781412 
0.829766 0.829767 0.829767 0.829767 0.829767 0.829767 0.829767 0.829767 0.829767 0.829767 0.829767 0.829767 0.829767 0.829767 0.829767 0.829766 0.829766 0.829766 0.829766 0.829765 0.829765 0.829764 0.829762 0.82976 0.829757 0.829752 0.829745 0.829734 0.829719 0.829698 0.829667 0.829624 0.829562 0.829475 0.829353 0.829184 0.828948 0.828621 0.82817 0.827549 0.826695 0.825522 0.82391 0.821688 0.818612 0.814318 0.808243 0.799448 0.786186 0.764575 
0.817418 0.817418 0.817418 0.817418 0.817418 0.817418 0.817418 0.817418 0.817418 0.817418 0.817418 0.817418 0.817418 0.817418 0.817418 0.817418 0.817418 0.817417 0.817417 0.817416 0.817416 0.817414 0.817412 0.81741 0.817406 0.8174 0.817391 0.817379 0.817361 0.817336 0.8173 0.817249 0.817178 0.817077 0.816937 0.816743 0.816473 0.816102 0.815593 0.814894 0.813938 0.812631 0.810842 0.808389 0.80501 0.800318 0.793715 0.784211 0.769971 0.746931 
0.804552 0.804552 0.804552 0.804552 0.804552 0.804552 0.804552 0.804552 0.804552 0.804552 0.804552 0.804552 0.804552 0.804552 0.804552 0.804552 0.804551 0.804551 0.804551 0.80455 0.804549 0.804547 0.804545 0.804542 0.804537 0.80453 0.80452 0.804505 0.804485 0.804455 0.804413 0.804354 0.804271 0.804155 0.803994 0.803771 0.803465 0.803045 0.80247 0.801685 0.800617 0.799163 0.797183 0.794481 0.790778 0.785662 0.778501 0.768253 0.752996 0.728486 
0.79118 0.79118 0.79118 0.79118 0.79118 0.79118 0.79118 0.79118 0.79118 0.79118 0.79118 0.79118 0.79118 0.79118 0.79118 0.79118 0.791179 0.791179 0.791178 0.791178 0.791176 0.791175 0.791172 0.791168 0.791162 0.791154 0.791142 0.791125 0.7911 0.791065 0.791016 0.790947 0.790851 0.790718 0.790534 0.79028 0.789932 0.789457 0.78881 0.787931 0.78674 0.785126 0.782939 0.779969 0.775919 0.770353 0.762603 0.751578 0.735267 0.709249 
0.777317 0.777317 0.777317 0.777317 0.777317 0.777317 0.777317 0.777317 0.777317 0.777317 0.777317 0.777317 0.777317 0.777317 0.777317 0.777317 0.777316 0.777316 0.777315 0.777314 0.777313 0.77731 0.777307 0.777302 0.777296 0.777286 0.777271 0.777251 0.777222 0.777182 0.777124 0.777045 0.776934 0.776781 0.77657 0.776281 0.775887 0.775351 0.774624 0.773642 0.772316 0.770529 0.768119 0.764862 0.760442 0.754398 0.74603 0.734193 0.716792 0.689236 
0.762981 0.762981 0.762981 0.762981 0.762981 0.762981 0.762981 0.762981 0.762981 0.762981 0.762981 0.762981 0.762981 0.76298 0.76298 0.76298 0.76298 0.762979 0.762978 0.762977 0.762975 0.762973 0.762969 0.762963 0.762955 0.762943 0.762926 0.762902 0.762868 0.762821 0.762755 0.762662 0.762535 0.762359 0.762119 0.76179 0.761345 0.760741 0.759927 0.758832 0.75736 0.755385 0.752735 0.74917 0.744356 0.737808 0.728791 0.71611 0.697588 0.668464 
0.748191 0.748192 0.748192 0.748192 0.748192 0.748192 0.748192 0.748192 0.748192 0.748192 0.748191 0.748191 0.748191 0.748191 0.748191 0.748191 0.74819 0.74819 0.748189 0.748187 0.748185 0.748182 0.748177 0.74817 0.74816 0.748146 0.748127 0.748098 0.748059 0.748004 0.747927 0.74782 0.747674 0.747473 0.747199 0.746827 0.746324 0.745646 0.744736 0.743517 0.741887 0.739709 0.7368 0.732907 0.727676 0.720597 0.710902 0.697345 0.677671 0.646957 
0.732973 0.732973 0.732973 0.732973 0.732973 0.732973 0.732973 0.732973 0.732973 0.732973 0.732973 0.732973 0.732973 0.732973 0.732973 0.732972 0.732972 0.732971 0.732969 0.732968 0.732965 0.732961 0.732956 0.732947 0.732936 0.732919 0.732896 0.732863 0.732817 0.732753 0.732664 0.732541 0.732373 0.732144 0.731833 0.731412 0.730846 0.730086 0.729071 0.727717 0.725915 0.723519 0.720333 0.71609 0.710418 0.702781 0.692378 0.677917 0.657063 0.624742 
0.717352 0.717352 0.717352 0.717352 0.717352 0.717352 0.717352 0.717352 0.717352 0.717352 0.717352 0.717352 0.717352 0.717352 0.717351 0.717351 0.71735 0.717349 0.717348 0.717345 0.717342 0.717337 0.717331 0.717321 0.717307 0.717288 0.71726 0.717222 0.717168 0.717094 0.716991 0.71685 0.716658 0.716397 0.716045 0.71557 0.714934 0.714084 0.712954 0.711453 0.709465 0.706834 0.703353 0.698739 0.692601 0.68438 0.673241 0.657847 0.63579 0.601851 
0.701357 0.701357 0.701357 0.701357 0.701357 0.701357 0.701357 0.701357 0.701357 0.701357 0.701357 0.701357 0.701357 0.701357 0.701356 0.701356 0.701355 0.701354 0.701352 0.701349 0.701345 0.70134 0.701332 0.70132 0.701304 0.701281 0.701249 0.701204 0.701142 0.701056 0.700937 0.700776 0.700557 0.70026 0.699861 0.699327 0.698614 0.697666 0.69641 0.69475 0.692562 0.68968 0.685884 0.680876 0.674248 0.665417 0.653515 0.637162 0.613882 0.57832 
0.685021 0.685021 0.685021 0.685021 0.685021 0.685021 0.685021 0.685021 0.685021 0.685021 0.685021 0.68502 0.68502 0.68502 0.685019 0.685019 0.685018 0.685016 0.685014 0.685011 0.685006 0.684999 0.68499 0.684976 0.684957 0.68493 0.684893 0.68484 0.684768 0.684669 0.684533 0.684349 0.684099 0.683763 0.683313 0.682712 0.681914 0.680859 0.679466 0.677635 0.675231 0.67208 0.667949 0.662527 0.655385 0.645917 0.633227 0.615892 0.591372 0.554187 
0.668376 0.668377 0.668377 0.668377 0.668377 0.668377 0.668377 0.668377 0.668376 0.668376 0.668376 0.668376 0.668376 0.668375 0.668375 0.668374 0.668373 0.668371 0.668368 0.668364 0.668359 0.668351 0.66834 0.668323 0.668301 0.668269 0.668225 0.668165 0.668081 0.667967 0.667811 0.667601 0.667317 0.666937 0.66643 0.665756 0.664866 0.663693 0.662153 0.660136 0.657502 0.654064 0.649578 0.643718 0.636038 0.62591 0.612407 0.594069 0.568297 0.529498 
0.651461 0.651461 0.651461 0.651461 0.651461 0.651461 0.651461 0.651461 0.651461 0.651461 0.651461 0.65146 0.65146 0.65146 0.651459 0.651458 0.651456 0.651454 0.651451 0.651446 0.65144 0.65143 0.651417 0.651398 0.651371 0.651334 0.651283 0.651213 0.651116 0.650985 0.650807 0.650567 0.650246 0.649817 0.649247 0.648493 0.647502 0.646201 0.644501 0.642285 0.639403 0.63566 0.630799 0.62448 0.616239 0.605426 0.591088 0.571729 0.544698 0.504298 
0.634312 0.634312 0.634312 0.634312 0.634312 0.634312 0.634312 0.634312 0.634312 0.634312 0.634312 0.634312 0.634311 0.634311 0.63431 0.634308 0.634307 0.634304 0.6343 0.634294 0.634286 0.634275 0.634259 0.634237 0.634206 0.634163 0.634104 0.634022 0.633911 0.633761 0.633557 0.633285 0.632921 0.632438 0.631799 0.630958 0.629856 0.628417 0.626544 0.624114 0.620969 0.616902 0.611646 0.604845 0.596019 0.584499 0.569307 0.548911 0.520617 0.478638 
0.61697 0.616971 0.616971 0.616971 0.616971 0.616971 0.61697 0.61697 0.61697 0.61697 0.61697 0.61697 0.616969 0.616968 0.616967 0.616966 0.616963 0.61696 0.616956 0.616949 0.61694 0.616926 0.616907 0.616881 0.616845 0.616795 0.616726 0.616632 0.616505 0.616332 0.616101 0.615792 0.615381 0.614838 0.614123 0.613186 0.611964 0.610375 0.608317 0.605658 0.602232 0.597823 0.59215 0.584846 0.575415 0.563166 0.5471 0.525657 0.496102 0.452572 
0.599477 0.599477 0.599477 0.599477 0.599477 0.599477 0.599477 0.599477 0.599477 0.599477 0.599476 0.599476 0.599475 0.599474 0.599473 0.599471 0.599469 0.599465 0.599459 0.599451 0.59944 0.599424 0.599402 0.599371 0.599329 0.599271 0.599191 0.599083 0.598937 0.59874 0.598477 0.598128 0.597665 0.597056 0.596258 0.595216 0.593864 0.592113 0.589856 0.586953 0.583228 0.578457 0.572349 0.564521 0.554462 0.541465 0.52451 0.502012 0.471202 0.426154 
0.581874 0.581875 0.581875 0.581875 0.581874 0.581874 0.581874 0.581874 0.581874 0.581874 0.581874 0.581873 0.581872 0.581871 0.58187 0.581867 0.581864 0.581859 0.581853 0.581843 0.58183 0.581811 0.581786 0.58175 0.5817 0.581633 0.581541 0.581417 0.58125 0.581026 0.580728 0.580333 0.579813 0.579131 0.578242 0.577087 0.575593 0.573668 0.571197 0.568034 0.563994 0.558843 0.552278 0.543905 0.533198 0.519436 0.501579 0.47802 0.445967 0.399444 
0.564206 0.564206 0.564206 0.564206 0.564206 0.564206 0.564206 0.564206 0.564206 0.564205 0.564205 0.564204 0.564203 0.564202 0.5642 0.564197 0.564193 0.564188 0.56418 0.564169 0.564153 0.564131 0.564101 0.564059 0.564002 0.563924 0.563818 0.563675 0.563484 0.56323 0.562893 0.562448 0.561865 0.561104 0.560115 0.558836 0.55719 0.555078 0.552379 0.54894 0.544566 0.539016 0.531975 0.523037 0.511665 0.497121 0.47835 0.453731 0.420451 0.372501 
