0 0 0 0 0 0 0 0 0 0 0 0 0 0 0 0 0 0 0 0 0 0 0 0 0 0 0 0 0 0 0 0 0 0 0 0 0 0 0 0 0 0 0 0 0 0 0 0 0 0 
5e-06 5e-06 5e-06 5e-06 5e-06 5e-06 5e-06 5e-06 5e-06 5e-06 5e-06 5e-06 5e-06 5e-06 5e-06 5e-06 5e-06 5e-06 5e-06 5e-06 5e-06 5e-06 5e-06 5e-06 5e-06 5e-06 5e-06 5e-06 5e-06 5e-06 5e-06 5e-06 5e-06 5e-06 5e-06 5e-06 5e-06 5e-06 5e-06 5e-06 5e-06 5e-06 5e-06 5e-06 5e-06 5e-06 5e-06 5e-06 5e-06 5e-06 
1e-05 1e-05 1e-05 1e-05 1e-05 1e-05 1e-05 1e-05 1e-05 1e-05 1e-05 1e-05 1e-05 1e-05 1e-05 1e-05 1e-05 1e-05 1e-05 1e-05 1e-05 1e-05 1e-05 1e-05 1e-05 1e-05 1e-05 1e-05 1e-05 1e-05 1e-05 1e-05 1e-05 1e-05 1e-05 1e-05 1e-05 1e-05 1e-05 1e-05 1e-05 1e-05 1e-05 1e-05 1e-05 1e-05 1e-05 1e-05 1e-05 1e-05 
1.5e-05 1.5e-05 1.5e-05 1.5e-05 1.5e-05 1.5e-05 1.5e-05 1.5e-05 1.5e-05 1.5e-05 1.5e-05 1.5e-05 1.5e-05 1.5e-05 1.5e-05 1.5e-05 1.5e-05 1.5e-05 1.5e-05 1.5e-05 1.5e-05 1.5e-05 1.5e-05 1.5e-05 1.5e-05 1.5e-05 1.5e-05 1.5e-05 1.5e-05 1.5e-05 1.5e-05 1.5e-05 1.5e-05 1.5e-05 1.5e-05 1.5e-05 1.5e-05 1.5e-05 1.5e-05 1.5e-05 1.5e-05 1.5e-05 1.5e-05 1.5e-05 1.5e-05 1.5e-05 1.5e-05 1.5e-05 1.5e-05 1.5e-05 
2e-05 2e-05 2e-05 2e-05 2e-05 2e-05 2e-05 2e-05 2e-05 2e-05 2e-05 2e-05 2e-05 2e-05 2e-05 2e-05 2e-05 2e-05 2e-05 2e-05 2e-05 2e-05 2e-05 2e-05 2e-05 2e-05 2e-05 2e-05 2e-05 2e-05 2e-05 2e-05 2e-05 2e-05 2e-05 2e-05 2e-05 2e-05 2e-05 2e-05 2e-05 2e-05 2e-05 2e-05 2e-05 2e-05 2e-05 2e-05 2e-05 2e-05 
2.5e-05 2.5e-05 2.5e-05 2.5e-05 2.5e-05 2.5e-05 2.5e-05 2.5e-05 2.5e-05 2.5e-05 2.5e-05 2.5e-05 2.5e-05 2.5e-05 2.5e-05 2.5e-05 2.5e-05 2.5e-05 2.5e-05 2.5e-05 2.5e-05 2.5e-05 2.5e-05 2.5e-05 2.5e-05 2.5e-05 2.5e-05 2.5e-05 2.5e-05 2.5e-05 2.5e-05 2.5e-05 2.5e-05 2.5e-05 2.5e-05 2.5e-05 2.5e-05 2.5e-05 2.5e-05 2.5e-05 2.5e-05 2.5e-05 2.5e-05 2.5e-05 2.5e-05 2.5e-05 2.5e-05 2.5e-05 2.5e-05 2.5e-05 
3e-05 3e-05 3e-05 3e-05 3e-05 3e-05 3e-05 3e-05 3e-05 3e-05 3e-05 3e-05 3e-05 3e-05 3e-05 3e-05 3e-05 3e-05 3e-05 3e-05 3e-05 3e-05 3e-05 3e-05 3e-05 3e-05 3e-05 3e-05 3e-05 3e-05 3e-05 3e-05 3e-05 3e-05 3e-05 3e-05 3e-05 3e-05 3e-05 3e-05 3e-05 3e-05 3e-05 3e-05 3e-05 3e-05 3e-05 3e-05 3e-05 3e-05 
3.5e-05 3.5e-05 3.5e-05 3.5e-05 3.5e-05 3.5e-05 3.5e-05 3.5e-05 3.5e-05 3.5e-05 3.5e-05 3.5e-05 3.5e-05 3.5e-05 3.5e-05 3.5e-05 3.5e-05 3.5e-05 3.5e-05 3.5e-05 3.5e-05 3.5e-05 3.5e-05 3.5e-05 3.5e-05 3.5e-05 3.5e-05 3.5e-05 3.5e-05 3.5e-05 3.5e-05 3.5e-05 3.5e-05 3.5e-05 3.5e-05 3.5e-05 3.5e-05 3.5e-05 3.5e-05 3.5e-05 3.5e-05 3.5e-05 3.5e-05 3.5e-05 3.5e-05 3.5e-05 3.5e-05 3.5e-05 3.5e-05 3.5e-05 
4e-05 4e-05 4e-05 4e-05 4e-05 4e-05 4e-05 4e-05 4e-05 4e-05 4e-05 4e-05 4e-05 4e-05 4e-05 4e-05 4e-05 4e-05 4e-05 4e-05 4e-05 4e-05 4e-05 4e-05 4e-05 4e-05 4e-05 4e-05 4e-05 4e-05 4e-05 4e-05 4e-05 4e-05 4e-05 4e-05 4e-05 4e-05 4e-05 4e-05 4e-05 4e-05 4e-05 4e-05 4e-05 4e-05 4e-05 4e-05 4e-05 4e-05 
4.5e-05 4.5e-05 4.5e-05 4.5e-05 4.5e-05 4.5e-05 4.5e-05 4.5e-05 4.5e-05 4.5e-05 4.5e-05 4.5e-05 4.5e-05 4.5e-05 4.5e-05 4.5e-05 4.5e-05 4.5e-05 4.5e-05 4.5e-05 4.5e-05 4.5e-05 4.5e-05 4.5e-05 4.5e-05 4.5e-05 4.5e-05 4.5e-05 4.5e-05 4.5e-05 4.5e-05 4.5e-05 4.5e-05 4.5e-05 4.5e-05 4.5e-05 4.5e-05 4.5e-05 4.5e-05 4.5e-05 4.5e-05 4.5e-05 4.5e-05 4.5e-05 4.5e-05 4.5e-05 4.5e-05 4.5e-05 4.5e-05 4.5e-05 
5e-05 5e-05 5e-05 5e-05 5e-05 5e-05 5e-05 5e-05 5e-05 5e-05 5e-05 5e-05 5e-05 5e-05 5e-05 5e-05 5e-05 5e-05 5e-05 5e-05 5e-05 5e-05 5e-05 5e-05 5e-05 5e-05 5e-05 5e-05 5e-05 5e-05 5e-05 5e-05 5e-05 5e-05 5e-05 5e-05 5e-05 5e-05 5e-05 5e-05 5e-05 5e-05 5e-05 5e-05 5e-05 5e-05 5e-05 5e-05 5e-05 5e-05 
5.5e-05 5.5e-05 5.5e-05 5.5e-05 5.5e-05 5.5e-05 5.5e-05 5.5e-05 5.5e-05 5.5e-05 5.5e-05 5.5e-05 5.5e-05 5.5e-05 5.5e-05 5.5e-05 5.5e-05 5.5e-05 5.5e-05 5.5e-05 5.5e-05 5.5e-05 5.5e-05 5.5e-05 5.5e-05 5.5e-05 5.5e-05 5.5e-05 5.5e-05 5.5e-05 5.5e-05 5.5e-05 5.5e-05 5.5e-05 5.5e-05 5.5e-05 5.5e-05 5.5e-05 5.5e-05 5.5e-05 5.5e-05 5.5e-05 5.5e-05 5.5e-05 5.5e-05 5.5e-05 5.5e-05 5.5e-05 5.5e-05 5.5e-05 
6e-05 6e-05 6e-05 6e-05 6e-05 6e-05 6e-05 6e-05 6e-05 6e-05 6e-05 6e-05 6e-05 6e-05 6e-05 6e-05 6e-05 6e-05 6e-05 6e-05 6e-05 6e-05 6e-05 6e-05 6e-05 6e-05 6e-05 6e-05 6e-05 6e-05 6e-05 6e-05 6e-05 6e-05 6e-05 6e-05 6e-05 6e-05 6e-05 6e-05 6e-05 6e-05 6e-05 6e-05 6e-05 6e-05 6e-05 6e-05 6e-05 6e-05 
6.5e-05 6.5e-05 6.5e-05 6.5e-05 6.5e-05 6.5e-05 6.5e-05 6.5e-05 6.5e-05 6.5e-05 6.5e-05 6.5e-05 6.5e-05 6.5e-05 6.5e-05 6.5e-05 6.5e-05 6.5e-05 6.5e-05 6.5e-05 6.5e-05 6.5e-05 6.5e-05 6.5e-05 6.5e-05 6.5e-05 6.5e-05 6.5e-05 6.5e-05 6.5e-05 6.5e-05 6.5e-05 6.5e-05 6.5e-05 6.5e-05 6.5e-05 6.5e-05 6.5e-05 6.5e-05 6.5e-05 6.5e-05 6.5e-05 6.5e-05 6.5e-05 6.5e-05 6.5e-05 6.5e-05 6.5e-05 6.5e-05 6.5e-05 
7e-05 7e-05 7e-05 7e-05 7e-05 7e-05 7e-05 7e-05 7e-05 7e-05 7e-05 7e-05 7e-05 7e-05 7e-05 7e-05 7e-05 7e-05 7e-05 7e-05 7e-05 7e-05 7e-05 7e-05 7e-05 7e-05 7e-05 7e-05 7e-05 7e-05 7e-05 7e-05 7e-05 7e-05 7e-05 7e-05 7e-05 7e-05 7e-05 7e-05 7e-05 7e-05 7e-05 7e-05 7e-05 7e-05 7e-05 7e-05 7e-05 7e-05 
7.5e-05 7.5e-05 7.5e-05 7.5e-05 7.5e-05 7.5e-05 7.5e-05 7.5e-05 7.5e-05 7.5e-05 7.5e-05 7.5e-05 7.5e-05 7.5e-05 7.5e-05 7.5e-05 7.5e-05 7.5e-05 7.5e-05 7.5e-05 7.5e-05 7.5e-05 7.5e-05 7.5e-05 7.5e-05 7.5e-05 7.5e-05 7.5e-05 7.5e-05 7.5e-05 7.5e-05 7.5e-05 7.5e-05 7.5e-05 7.5e-05 7.5e-05 7.5e-05 7.5e-05 7.5e-05 7.5e-05 7.5e-05 7.5e-05 7.5e-05 7.5e-05 7.5e-05 7.5e-05 7.5e-05 7.5e-05 7.5e-05 7.5e-05 
8e-05 8e-05 8e-05 8e-05 8e-05 8e-05 8e-05 8e-05 8e-05 8e-05 8e-05 8e-05 8e-05 8e-05 8e-05 8e-05 8e-05 8e-05 8e-05 8e-05 8e-05 8e-05 8e-05 8e-05 8e-05 8e-05 8e-05 8e-05 8e-05 8e-05 8e-05 8e-05 8e-05 8e-05 8e-05 8e-05 8e-05 8e-05 8e-05 8e-05 8e-05 8e-05 8e-05 8e-05 8e-05 8e-05 8e-05 8e-05 8e-05 8e-05 
8.5e-05 8.5e-05 8.5e-05 8.5e-05 8.5e-05 8.5e-05 8.5e-05 8.5e-05 8.5e-05 8.5e-05 8.5e-05 8.5e-05 8.5e-05 8.5e-05 8.5e-05 8.5e-05 8.5e-05 8.5e-05 8.5e-05 8.5e-05 8.5e-05 8.5e-05 8.5e-05 8.5e-05 8.5e-05 8.5e-05 8.5e-05 8.5e-05 8.5e-05 8.5e-05 8.5e-05 8.5e-05 8.5e-05 8.5e-05 8.5e-05 8.5e-05 8.5e-05 8.5e-05 8.5e-05 8.5e-05 8.5e-05 8.5e-05 8.5e-05 8.5e-05 8.5e-05 8.5e-05 8.5e-05 8.5e-05 8.5e-05 8.5e-05 
9e-05 9e-05 9e-05 9e-05 9e-05 9e-05 9e-05 9e-05 9e-05 9e-05 9e-05 9e-05 9e-05 9e-05 9e-05 9e-05 9e-05 9e-05 9e-05 9e-05 9e-05 9e-05 9e-05 9e-05 9e-05 9e-05 9e-05 9e-05 9e-05 9e-05 9e-05 9e-05 9e-05 9e-05 9e-05 9e-05 9e-05 9e-05 9e-05 9e-05 9e-05 9e-05 9e-05 9e-05 9e-05 9e-05 9e-05 9e-05 9e-05 9e-05 
9.5e-05 9.5e-05 9.5e-05 9.5e-05 9.5e-05 9.5e-05 9.5e-05 9.5e-05 9.5e-05 9.5e-05 9.5e-05 9.5e-05 9.5e-05 9.5e-05 9.5e-05 9.5e-05 9.5e-05 9.5e-05 9.5e-05 9.5e-05 9.5e-05 9.5e-05 9.5e-05 9.5e-05 9.5e-05 9.5e-05 9.5e-05 9.5e-05 9.5e-05 9.5e-05 9.5e-05 9.5e-05 9.5e-05 9.5e-05 9.5e-05 9.5e-05 9.5e-05 9.5e-05 9.5e-05 9.5e-05 9.5e-05 9.5e-05 9.5e-05 9.5e-05 9.5e-05 9.5e-05 9.5e-05 9.5e-05 9.5e-05 9.5e-05 
0.0001 0.0001 0.0001 0.0001 0.0001 0.0001 0.0001 0.0001 0.0001 0.0001 0.0001 0.0001 0.0001 0.0001 0.0001 0.0001 0.0001 0.0001 0.0001 0.0001 0.0001 0.0001 0.0001 0.0001 0.0001 0.0001 0.0001 0.0001 0.0001 0.0001 0.0001 0.0001 0.0001 0.0001 0.0001 0.0001 0.0001 0.0001 0.0001 0.0001 0.0001 0.0001 0.0001 0.0001 0.0001 0.0001 0.0001 0.0001 0.0001 0.0001 
0.000105 0.000105 0.000105 0.000105 0.000105 0.000105 0.000105 0.000105 0.000105 0.000105 0.000105 0.000105 0.000105 0.000105 0.000105 0.000105 0.000105 0.000105 0.000105 0.000105 0.000105 0.000105 0.000105 0.000105 0.000105 0.000105 0.000105 0.000105 0.000105 0.000105 0.000105 0.000105 0.000105 0.000105 0.000105 0.000105 0.000105 0.000105 0.000105 0.000105 0.000105 0.000105 0.000105 0.000105 0.000105 0.000105 0.000105 0.000105 0.000105 0.000105 
0.00011 0.00011 0.00011 0.00011 0.00011 0.00011 0.00011 0.00011 0.00011 0.00011 0.00011 0.00011 0.00011 0.00011 0.00011 0.00011 0.00011 0.00011 0.00011 0.00011 0.00011 0.00011 0.00011 0.00011 0.00011 0.00011 0.00011 0.00011 0.00011 0.00011 0.00011 0.00011 0.00011 0.00011 0.00011 0.00011 0.00011 0.00011 0.00011 0.00011 0.00011 0.00011 0.00011 0.00011 0.00011 0.00011 0.00011 0.00011 0.00011 0.00011 
0.000115 0.000115 0.000115 0.000115 0.000115 0.000115 0.000115 0.000115 0.000115 0.000115 0.000115 0.000115 0.000115 0.000115 0.000115 0.000115 0.000115 0.000115 0.000115 0.000115 0.000115 0.000115 0.000115 0.000115 0.000115 0.000115 0.000115 0.000115 0.000115 0.000115 0.000115 0.000115 0.000115 0.000115 0.000115 0.000115 0.000115 0.000115 0.000115 0.000115 0.000115 0.000115 0.000115 0.000115 0.000115 0.000115 0.000115 0.000115 0.000115 0.000115 
0.00012 0.00012 0.00012 0.00012 0.00012 0.00012 0.00012 0.00012 0.00012 0.00012 0.00012 0.00012 0.00012 0.00012 0.00012 0.00012 0.00012 0.00012 0.00012 0.00012 0.00012 0.00012 0.00012 0.00012 0.00012 0.00012 0.00012 0.00012 0.00012 0.00012 0.00012 0.00012 0.00012 0.00012 0.00012 0.00012 0.00012 0.00012 0.00012 0.00012 0.00012 0.00012 0.00012 0.00012 0.00012 0.00012 0.00012 0.00012 0.00012 0.00012 
0.000125 0.000125 0.000125 0.000125 0.000125 0.000125 0.000125 0.000125 0.000125 0.000125 0.000125 0.000125 0.000125 0.000125 0.000125 0.000125 0.000125 0.000125 0.000125 0.000125 0.000125 0.000125 0.000125 0.000125 0.000125 0.000125 0.000125 0.000125 0.000125 0.000125 0.000125 0.000125 0.000125 0.000125 0.000125 0.000125 0.000125 0.000125 0.000125 0.000125 0.000125 0.000125 0.000125 0.000125 0.000125 0.000125 0.000125 0.000125 0.000125 0.000125 
0.00013 0.00013 0.00013 0.00013 0.00013 0.00013 0.00013 0.00013 0.00013 0.00013 0.00013 0.00013 0.00013 0.00013 0.00013 0.00013 0.00013 0.00013 0.00013 0.00013 0.00013 0.00013 0.00013 0.00013 0.00013 0.00013 0.00013 0.00013 0.00013 0.00013 0.00013 0.00013 0.00013 0.00013 0.00013 0.00013 0.00013 0.00013 0.00013 0.00013 0.00013 0.00013 0.00013 0.00013 0.00013 0.00013 0.00013 0.00013 0.00013 0.00013 
0.000135 0.000135 0.000135 0.000135 0.000135 0.000135 0.000135 0.000135 0.000135 0.000135 0.000135 0.000135 0.000135 0.000135 0.000135 0.000135 0.000135 0.000135 0.000135 0.000135 0.000135 0.000135 0.000135 0.000135 0.000135 0.000135 0.000135 0.000135 0.000135 0.000135 0.000135 0.000135 0.000135 0.000135 0.000135 0.000135 0.000135 0.000135 0.000135 0.000135 0.000135 0.000135 0.000135 0.000135 0.000135 0.000135 0.000135 0.000135 0.000135 0.000135 
0.00014 0.00014 0.00014 0.00014 0.00014 0.00014 0.00014 0.00014 0.00014 0.00014 0.00014 0.00014 0.00014 0.00014 0.00014 0.00014 0.00014 0.00014 0.00014 0.00014 0.00014 0.00014 0.00014 0.00014 0.00014 0.00014 0.00014 0.00014 0.00014 0.00014 0.00014 0.00014 0.00014 0.00014 0.00014 0.00014 0.00014 0.00014 0.00014 0.00014 0.00014 0.00014 0.00014 0.00014 0.00014 0.00014 0.00014 0.00014 0.00014 0.00014 
0.000145 0.000145 0.000145 0.000145 0.000145 0.000145 0.000145 0.000145 0.000145 0.000145 0.000145 0.000145 0.000145 0.000145 0.000145 0.000145 0.000145 0.000145 0.000145 0.000145 0.000145 0.000145 0.000145 0.000145 0.000145 0.000145 0.000145 0.000145 0.000145 0.000145 0.000145 0.000145 0.000145 0.000145 0.000145 0.000145 0.000145 0.000145 0.000145 0.000145 0.000145 0.000145 0.000145 0.000145 0.000145 0.000145 0.000145 0.000145 0.000145 0.000145 
0.00015 0.00015 0.00015 0.00015 0.00015 0.00015 0.00015 0.00015 0.00015 0.00015 0.00015 0.00015 0.00015 0.00015 0.00015 0.00015 0.00015 0.00015 0.00015 0.00015 0.00015 0.00015 0.00015 0.00015 0.00015 0.00015 0.00015 0.00015 0.00015 0.00015 0.00015 0.00015 0.00015 0.00015 0.00015 0.00015 0.00015 0.00015 0.00015 0.00015 0.00015 0.00015 0.00015 0.00015 0.00015 0.00015 0.00015 0.00015 0.00015 0.00015 
0.000155 0.000155 0.000155 0.000155 0.000155 0.000155 0.000155 0.000155 0.000155 0.000155 0.000155 0.000155 0.000155 0.000155 0.000155 0.000155 0.000155 0.000155 0.000155 0.000155 0.000155 0.000155 0.000155 0.000155 0.000155 0.000155 0.000155 0.000155 0.000155 0.000155 0.000155 0.000155 0.000155 0.000155 0.000155 0.000155 0.000155 0.000155 0.000155 0.000155 0.000155 0.000155 0.000155 0.000155 0.000155 0.000155 0.000155 0.000155 0.000155 0.000155 
0.00016 0.00016 0.00016 0.00016 0.00016 0.00016 0.00016 0.00016 0.00016 0.00016 0.00016 0.00016 0.00016 0.00016 0.00016 0.00016 0.00016 0.00016 0.00016 0.00016 0.00016 0.00016 0.00016 0.00016 0.00016 0.00016 0.00016 0.00016 0.00016 0.00016 0.00016 0.00016 0.00016 0.00016 0.00016 0.00016 0.00016 0.00016 0.00016 0.00016 0.00016 0.00016 0.00016 0.00016 0.00016 0.00016 0.00016 0.00016 0.00016 0.00016 
0.000165 0.000165 0.000165 0.000165 0.000165 0.000165 0.000165 0.000165 0.000165 0.000165 0.000165 0.000165 0.000165 0.000165 0.000165 0.000165 0.000165 0.000165 0.000165 0.000165 0.000165 0.000165 0.000165 0.000165 0.000165 0.000165 0.000165 0.000165 0.000165 0.000165 0.000165 0.000165 0.000165 0.000165 0.000165 0.000165 0.000165 0.000165 0.000165 0.000165 0.000165 0.000165 0.000165 0.000165 0.000165 0.000165 0.000165 0.000165 0.000165 0.000165 
0.00017 0.00017 0.00017 0.00017 0.00017 0.00017 0.00017 0.00017 0.00017 0.00017 0.00017 0.00017 0.00017 0.00017 0.00017 0.00017 0.00017 0.00017 0.00017 0.00017 0.00017 0.00017 0.00017 0.00017 0.00017 0.00017 0.00017 0.00017 0.00017 0.00017 0.00017 0.00017 0.00017 0.00017 0.00017 0.00017 0.00017 0.00017 0.00017 0.00017 0.00017 0.00017 0.00017 0.00017 0.00017 0.00017 0.00017 0.00017 0.00017 0.00017 
0.000175 0.000175 0.000175 0.000175 0.000175 0.000175 0.000175 0.000175 0.000175 0.000175 0.000175 0.000175 0.000175 0.000175 0.000175 0.000175 0.000175 0.000175 0.000175 0.000175 0.000175 0.000175 0.000175 0.000175 0.000175 0.000175 0.000175 0.000175 0.000175 0.000175 0.000175 0.000175 0.000175 0.000175 0.000175 0.000175 0.000175 0.000175 0.000175 0.000175 0.000175 0.000175 0.000175 0.000175 0.000175 0.000175 0.000175 0.000175 0.000175 0.000175 
0.00018 0.00018 0.00018 0.00018 0.00018 0.00018 0.00018 0.00018 0.00018 0.00018 0.00018 0.00018 0.00018 0.00018 0.00018 0.00018 0.00018 0.00018 0.00018 0.00018 0.00018 0.00018 0.00018 0.00018 0.00018 0.00018 0.00018 0.00018 0.00018 0.00018 0.00018 0.00018 0.00018 0.00018 0.00018 0.00018 0.00018 0.00018 0.00018 0.00018 0.00018 0.00018 0.00018 0.00018 0.00018 0.00018 0.00018 0.00018 0.00018 0.00018 
0.000185 0.000185 0.000185 0.000185 0.000185 0.000185 0.000185 0.000185 0.000185 0.000185 0.000185 0.000185 0.000185 0.000185 0.000185 0.000185 0.000185 0.000185 0.000185 0.000185 0.000185 0.000185 0.000185 0.000185 0.000185 0.000185 0.000185 0.000185 0.000185 0.000185 0.000185 0.000185 0.000185 0.000185 0.000185 0.000185 0.000185 0.000185 0.000185 0.000185 0.000185 0.000185 0.000185 0.000185 0.000185 0.000185 0.000185 0.000185 0.000185 0.000185 
0.00019 0.00019 0.00019 0.00019 0.00019 0.00019 0.00019 0.00019 0.00019 0.00019 0.00019 0.00019 0.00019 0.00019 0.00019 0.00019 0.00019 0.00019 0.00019 0.00019 0.00019 0.00019 0.00019 0.00019 0.00019 0.00019 0.00019 0.00019 0.00019 0.00019 0.00019 0.00019 0.00019 0.00019 0.00019 0.00019 0.00019 0.00019 0.00019 0.00019 0.00019 0.00019 0.00019 0.00019 0.00019 0.00019 0.00019 0.00019 0.00019 0.00019 
0.000195 0.000195 0.000195 0.000195 0.000195 0.000195 0.000195 0.000195 0.000195 0.000195 0.000195 0.000195 0.000195 0.000195 0.000195 0.000195 0.000195 0.000195 0.000195 0.000195 0.000195 0.000195 0.000195 0.000195 0.000195 0.000195 0.000195 0.000195 0.000195 0.000195 0.000195 0.000195 0.000195 0.000195 0.000195 0.000195 0.000195 0.000195 0.000195 0.000195 0.000195 0.000195 0.000195 0.000195 0.000195 0.000195 0.000195 0.000195 0.000195 0.000195 
0.0002 0.0002 0.0002 0.0002 0.0002 0.0002 0.0002 0.0002 0.0002 0.0002 0.0002 0.0002 0.0002 0.0002 0.0002 0.0002 0.0002 0.0002 0.0002 0.0002 0.0002 0.0002 0.0002 0.0002 0.0002 0.0002 0.0002 0.0002 0.0002 0.0002 0.0002 0.0002 0.0002 0.0002 0.0002 0.0002 0.0002 0.0002 0.0002 0.0002 0.0002 0.0002 0.0002 0.0002 0.0002 0.0002 0.0002 0.0002 0.0002 0.0002 
0.000205 0.000205 0.000205 0.000205 0.000205 0.000205 0.000205 0.000205 0.000205 0.000205 0.000205 0.000205 0.000205 0.000205 0.000205 0.000205 0.000205 0.000205 0.000205 0.000205 0.000205 0.000205 0.000205 0.000205 0.000205 0.000205 0.000205 0.000205 0.000205 0.000205 0.000205 0.000205 0.000205 0.000205 0.000205 0.000205 0.000205 0.000205 0.000205 0.000205 0.000205 0.000205 0.000205 0.000205 0.000205 0.000205 0.000205 0.000205 0.000205 0.000205 
0.00021 0.00021 0.00021 0.00021 0.00021 0.00021 0.00021 0.00021 0.00021 0.00021 0.00021 0.00021 0.00021 0.00021 0.00021 0.00021 0.00021 0.00021 0.00021 0.00021 0.00021 0.00021 0.00021 0.00021 0.00021 0.00021 0.00021 0.00021 0.00021 0.00021 0.00021 0.00021 0.00021 0.00021 0.00021 0.00021 0.00021 0.00021 0.00021 0.00021 0.00021 0.00021 0.00021 0.00021 0.00021 0.00021 0.00021 0.00021 0.00021 0.00021 
0.000215 0.000215 0.000215 0.000215 0.000215 0.000215 0.000215 0.000215 0.000215 0.000215 0.000215 0.000215 0.000215 0.000215 0.000215 0.000215 0.000215 0.000215 0.000215 0.000215 0.000215 0.000215 0.000215 0.000215 0.000215 0.000215 0.000215 0.000215 0.000215 0.000215 0.000215 0.000215 0.000215 0.000215 0.000215 0.000215 0.000215 0.000215 0.000215 0.000215 0.000215 0.000215 0.000215 0.000215 0.000215 0.000215 0.000215 0.000215 0.000215 0.000215 
0.00022 0.00022 0.00022 0.00022 0.00022 0.00022 0.00022 0.00022 0.00022 0.00022 0.00022 0.00022 0.00022 0.00022 0.00022 0.00022 0.00022 0.00022 0.00022 0.00022 0.00022 0.00022 0.00022 0.00022 0.00022 0.00022 0.00022 0.00022 0.00022 0.00022 0.00022 0.00022 0.00022 0.00022 0.00022 0.00022 0.00022 0.00022 0.00022 0.00022 0.00022 0.00022 0.00022 0.00022 0.00022 0.00022 0.00022 0.00022 0.00022 0.00022 
0.000225 0.000225 0.000225 0.000225 0.000225 0.000225 0.000225 0.000225 0.000225 0.000225 0.000225 0.000225 0.000225 0.000225 0.000225 0.000225 0.000225 0.000225 0.000225 0.000225 0.000225 0.000225 0.000225 0.000225 0.000225 0.000225 0.000225 0.000225 0.000225 0.000225 0.000225 0.000225 0.000225 0.000225 0.000225 0.000225 0.000225 0.000225 0.000225 0.000225 0.000225 0.000225 0.000225 0.000225 0.000225 0.000225 0.000225 0.000225 0.000225 0.000225 
0.00023 0.00023 0.00023 0.00023 0.00023 0.00023 0.00023 0.00023 0.00023 0.00023 0.00023 0.00023 0.00023 0.00023 0.00023 0.00023 0.00023 0.00023 0.00023 0.00023 0.00023 0.00023 0.00023 0.00023 0.00023 0.00023 0.00023 0.00023 0.00023 0.00023 0.00023 0.00023 0.00023 0.00023 0.00023 0.00023 0.00023 0.00023 0.00023 0.00023 0.00023 0.00023 0.00023 0.00023 0.00023 0.00023 0.00023 0.00023 0.00023 0.00023 
0.000235 0.000235 0.000235 0.000235 0.000235 0.000235 0.000235 0.000235 0.000235 0.000235 0.000235 0.000235 0.000235 0.000235 0.000235 0.000235 0.000235 0.000235 0.000235 0.000235 0.000235 0.000235 0.000235 0.000235 0.000235 0.000235 0.000235 0.000235 0.000235 0.000235 0.000235 0.000235 0.000235 0.000235 0.000235 0.000235 0.000235 0.000235 0.000235 0.000235 0.000235 0.000235 0.000235 0.000235 0.000235 0.000235 0.000235 0.000235 0.000235 0.000235 
0.00024 0.00024 0.00024 0.00024 0.00024 0.00024 0.00024 0.00024 0.00024 0.00024 0.00024 0.00024 0.00024 0.00024 0.00024 0.00024 0.00024 0.00024 0.00024 0.00024 0.00024 0.00024 0.00024 0.00024 0.00024 0.00024 0.00024 0.00024 0.00024 0.00024 0.00024 0.00024 0.00024 0.00024 0.00024 0.00024 0.00024 0.00024 0.00024 0.00024 0.00024 0.00024 0.00024 0.00024 0.00024 0.00024 0.00024 0.00024 0.00024 0.00024 
0.000245 0.000245 0.000245 0.000245 0.000245 0.000245 0.000245 0.000245 0.000245 0.000245 0.000245 0.000245 0.000245 0.000245 0.000245 0.000245 0.000245 0.000245 0.000245 0.000245 0.000245 0.000245 0.000245 0.000245 0.000245 0.000245 0.000245 0.000245 0.000245 0.000245 0.000245 0.000245 0.000245 0.000245 0.000245 0.000245 0.000245 0.000245 0.000245 0.000245 0.000245 0.000245 0.000245 0.000245 0.000245 0.000245 0.000245 0.000245 0.000245 0.000245 
0.00025 0.00025 0.00025 0.00025 0.00025 0.00025 0.00025 0.00025 0.00025 0.00025 0.00025 0.00025 0.00025 0.00025 0.00025 0.00025 0.00025 0.00025 0.00025 0.00025 0.00025 0.00025 0.00025 0.00025 0.00025 0.00025 0.00025 0.00025 0.00025 0.00025 0.00025 0.00025 0.00025 0.00025 0.00025 0.00025 0.00025 0.00025 0.00025 0.00025 0.00025 0.00025 0.00025 0.00025 0.00025 0.00025 0.00025 0.00025 0.00025 0.00025 
0.000255 0.000255 0.000255 0.000255 0.000255 0.000255 0.000255 0.000255 0.000255 0.000255 0.000255 0.000255 0.000255 0.000255 0.000255 0.000255 0.000255 0.000255 0.000255 0.000255 0.000255 0.000255 0.000255 0.000255 0.000255 0.000255 0.000255 0.000255 0.000255 0.000255 0.000255 0.000255 0.000255 0.000255 0.000255 0.000255 0.000255 0.000255 0.000255 0.000255 0.000255 0.000255 0.000255 0.000255 0.000255 0.000255 0.000255 0.000255 0.000255 0.000255 
0.00026 0.00026 0.00026 0.00026 0.00026 0.00026 0.00026 0.00026 0.00026 0.00026 0.00026 0.00026 0.00026 0.00026 0.00026 0.00026 0.00026 0.00026 0.00026 0.00026 0.00026 0.00026 0.00026 0.00026 0.00026 0.00026 0.00026 0.00026 0.00026 0.00026 0.00026 0.00026 0.00026 0.00026 0.00026 0.00026 0.00026 0.00026 0.00026 0.00026 0.00026 0.00026 0.00026 0.00026 0.00026 0.00026 0.00026 0.00026 0.00026 0.00026 
0.000265 0.000265 0.000265 0.000265 0.000265 0.000265 0.000265 0.000265 0.000265 0.000265 0.000265 0.000265 0.000265 0.000265 0.000265 0.000265 0.000265 0.000265 0.000265 0.000265 0.000265 0.000265 0.000265 0.000265 0.000265 0.000265 0.000265 0.000265 0.000265 0.000265 0.000265 0.000265 0.000265 0.000265 0.000265 0.000265 0.000265 0.000265 0.000265 0.000265 0.000265 0.000265 0.000265 0.000265 0.000265 0.000265 0.000265 0.000265 0.000265 0.000265 
0.00027 0.00027 0.00027 0.00027 0.00027 0.00027 0.00027 0.00027 0.00027 0.00027 0.00027 0.00027 0.00027 0.00027 0.00027 0.00027 0.00027 0.00027 0.00027 0.00027 0.00027 0.00027 0.00027 0.00027 0.00027 0.00027 0.00027 0.00027 0.00027 0.00027 0.00027 0.00027 0.00027 0.00027 0.00027 0.00027 0.00027 0.00027 0.00027 0.00027 0.00027 0.00027 0.00027 0.00027 0.00027 0.00027 0.00027 0.00027 0.00027 0.00027 
0.000275 0.000275 0.000275 0.000275 0.000275 0.000275 0.000275 0.000275 0.000275 0.000275 0.000275 0.000275 0.000275 0.000275 0.000275 0.000275 0.000275 0.000275 0.000275 0.000275 0.000275 0.000275 0.000275 0.000275 0.000275 0.000275 0.000275 0.000275 0.000275 0.000275 0.000275 0.000275 0.000275 0.000275 0.000275 0.000275 0.000275 0.000275 0.000275 0.000275 0.000275 0.000275 0.000275 0.000275 0.000275 0.000275 0.000275 0.000275 0.000275 0.000275 
0.00028 0.00028 0.00028 0.00028 0.00028 0.00028 0.00028 0.00028 0.00028 0.00028 0.00028 0.00028 0.00028 0.00028 0.00028 0.00028 0.00028 0.00028 0.00028 0.00028 0.00028 0.00028 0.00028 0.00028 0.00028 0.00028 0.00028 0.00028 0.00028 0.00028 0.00028 0.00028 0.00028 0.00028 0.00028 0.00028 0.00028 0.00028 0.00028 0.00028 0.00028 0.00028 0.00028 0.00028 0.00028 0.00028 0.00028 0.00028 0.00028 0.00028 
0.000285 0.000285 0.000285 0.000285 0.000285 0.000285 0.000285 0.000285 0.000285 0.000285 0.000285 0.000285 0.000285 0.000285 0.000285 0.000285 0.000285 0.000285 0.000285 0.000285 0.000285 0.000285 0.000285 0.000285 0.000285 0.000285 0.000285 0.000285 0.000285 0.000285 0.000285 0.000285 0.000285 0.000285 0.000285 0.000285 0.000285 0.000285 0.000285 0.000285 0.000285 0.000285 0.000285 0.000285 0.000285 0.000285 0.000285 0.000285 0.000285 0.000285 
0.00029 0.00029 0.00029 0.00029 0.00029 0.00029 0.00029 0.00029 0.00029 0.00029 0.00029 0.00029 0.00029 0.00029 0.00029 0.00029 0.00029 0.00029 0.00029 0.00029 0.00029 0.00029 0.00029 0.00029 0.00029 0.00029 0.00029 0.00029 0.00029 0.00029 0.00029 0.00029 0.00029 0.00029 0.00029 0.00029 0.00029 0.00029 0.00029 0.00029 0.00029 0.00029 0.00029 0.00029 0.00029 0.00029 0.00029 0.00029 0.00029 0.00029 
0.000295 0.000295 0.000295 0.000295 0.000295 0.000295 0.000295 0.000295 0.000295 0.000295 0.000295 0.000295 0.000295 0.000295 0.000295 0.000295 0.000295 0.000295 0.000295 0.000295 0.000295 0.000295 0.000295 0.000295 0.000295 0.000295 0.000295 0.000295 0.000295 0.000295 0.000295 0.000295 0.000295 0.000295 0.000295 0.000295 0.000295 0.000295 0.000295 0.000295 0.000295 0.000295 0.000295 0.000295 0.000295 0.000295 0.000295 0.000295 0.000295 0.000295 
0.0003 0.0003 0.0003 0.0003 0.0003 0.0003 0.0003 0.0003 0.0003 0.0003 0.0003 0.0003 0.0003 0.0003 0.0003 0.0003 0.0003 0.0003 0.0003 0.0003 0.0003 0.0003 0.0003 0.0003 0.0003 0.0003 0.0003 0.0003 0.0003 0.0003 0.0003 0.0003 0.0003 0.0003 0.0003 0.0003 0.0003 0.0003 0.0003 0.0003 0.0003 0.0003 0.0003 0.0003 0.0003 0.0003 0.0003 0.0003 0.0003 0.0003 
0.000305 0.000305 0.000305 0.000305 0.000305 0.000305 0.000305 0.000305 0.000305 0.000305 0.000305 0.000305 0.000305 0.000305 0.000305 0.000305 0.000305 0.000305 0.000305 0.000305 0.000305 0.000305 0.000305 0.000305 0.000305 0.000305 0.000305 0.000305 0.000305 0.000305 0.000305 0.000305 0.000305 0.000305 0.000305 0.000305 0.000305 0.000305 0.000305 0.000305 0.000305 0.000305 0.000305 0.000305 0.000305 0.000305 0.000305 0.000305 0.000305 0.000305 
0.00031 0.00031 0.00031 0.00031 0.00031 0.00031 0.00031 0.00031 0.00031 0.00031 0.00031 0.00031 0.00031 0.00031 0.00031 0.00031 0.00031 0.00031 0.00031 0.00031 0.00031 0.00031 0.00031 0.00031 0.00031 0.00031 0.00031 0.00031 0.00031 0.00031 0.00031 0.00031 0.00031 0.00031 0.00031 0.00031 0.00031 0.00031 0.00031 0.00031 0.00031 0.00031 0.00031 0.00031 0.00031 0.00031 0.00031 0.00031 0.00031 0.00031 
0.000315 0.000315 0.000315 0.000315 0.000315 0.000315 0.000315 0.000315 0.000315 0.000315 0.000315 0.000315 0.000315 0.000315 0.000315 0.000315 0.000315 0.000315 0.000315 0.000315 0.000315 0.000315 0.000315 0.000315 0.000315 0.000315 0.000315 0.000315 0.000315 0.000315 0.000315 0.000315 0.000315 0.000315 0.000315 0.000315 0.000315 0.000315 0.000315 0.000315 0.000315 0.000315 0.000315 0.000315 0.000315 0.000315 0.000315 0.000315 0.000315 0.000315 
0.00032 0.00032 0.00032 0.00032 0.00032 0.00032 0.00032 0.00032 0.00032 0.00032 0.00032 0.00032 0.00032 0.00032 0.00032 0.00032 0.00032 0.00032 0.00032 0.00032 0.00032 0.00032 0.00032 0.00032 0.00032 0.00032 0.00032 0.00032 0.00032 0.00032 0.00032 0.00032 0.00032 0.00032 0.00032 0.00032 0.00032 0.00032 0.00032 0.00032 0.00032 0.00032 0.00032 0.00032 0.00032 0.00032 0.00032 0.00032 0.00032 0.00032 
0.000325 0.000325 0.000325 0.000325 0.000325 0.000325 0.000325 0.000325 0.000325 0.000325 0.000325 0.000325 0.000325 0.000325 0.000325 0.000325 0.000325 0.000325 0.000325 0.000325 0.000325 0.000325 0.000325 0.000325 0.000325 0.000325 0.000325 0.000325 0.000325 0.000325 0.000325 0.000325 0.000325 0.000325 0.000325 0.000325 0.000325 0.000325 0.000325 0.000325 0.000325 0.000325 0.000325 0.000325 0.000325 0.000325 0.000325 0.000325 0.000325 0.000325 
0.00033 0.00033 0.00033 0.00033 0.00033 0.00033 0.00033 0.00033 0.00033 0.00033 0.00033 0.00033 0.00033 0.00033 0.00033 0.00033 0.00033 0.00033 0.00033 0.00033 0.00033 0.00033 0.00033 0.00033 0.00033 0.00033 0.00033 0.00033 0.00033 0.00033 0.00033 0.00033 0.00033 0.00033 0.00033 0.00033 0.00033 0.00033 0.00033 0.00033 0.00033 0.00033 0.00033 0.00033 0.00033 0.00033 0.00033 0.00033 0.00033 0.00033 
0.000335 0.000335 0.000335 0.000335 0.000335 0.000335 0.000335 0.000335 0.000335 0.000335 0.000335 0.000335 0.000335 0.000335 0.000335 0.000335 0.000335 0.000335 0.000335 0.000335 0.000335 0.000335 0.000335 0.000335 0.000335 0.000335 0.000335 0.000335 0.000335 0.000335 0.000335 0.000335 0.000335 0.000335 0.000335 0.000335 0.000335 0.000335 0.000335 0.000335 0.000335 0.000335 0.000335 0.000335 0.000335 0.000335 0.000335 0.000335 0.000335 0.000335 
0.00034 0.00034 0.00034 0.00034 0.00034 0.00034 0.00034 0.00034 0.00034 0.00034 0.00034 0.00034 0.00034 0.00034 0.00034 0.00034 0.00034 0.00034 0.00034 0.00034 0.00034 0.00034 0.00034 0.00034 0.00034 0.00034 0.00034 0.00034 0.00034 0.00034 0.00034 0.00034 0.00034 0.00034 0.00034 0.00034 0.00034 0.00034 0.00034 0.00034 0.00034 0.00034 0.00034 0.00034 0.00034 0.00034 0.00034 0.00034 0.00034 0.00034 
0.000345 0.000345 0.000345 0.000345 0.000345 0.000345 0.000345 0.000345 0.000345 0.000345 0.000345 0.000345 0.000345 0.000345 0.000345 0.000345 0.000345 0.000345 0.000345 0.000345 0.000345 0.000345 0.000345 0.000345 0.000345 0.000345 0.000345 0.000345 0.000345 0.000345 0.000345 0.000345 0.000345 0.000345 0.000345 0.000345 0.000345 0.000345 0.000345 0.000345 0.000345 0.000345 0.000345 0.000345 0.000345 0.000345 0.000345 0.000345 0.000345 0.000345 
0.00035 0.00035 0.00035 0.00035 0.00035 0.00035 0.00035 0.00035 0.00035 0.00035 0.00035 0.00035 0.00035 0.00035 0.00035 0.00035 0.00035 0.00035 0.00035 0.00035 0.00035 0.00035 0.00035 0.00035 0.00035 0.00035 0.00035 0.00035 0.00035 0.00035 0.00035 0.00035 0.00035 0.00035 0.00035 0.00035 0.00035 0.00035 0.00035 0.00035 0.00035 0.00035 0.00035 0.00035 0.00035 0.00035 0.00035 0.00035 0.00035 0.00035 
0.000355 0.000355 0.000355 0.000355 0.000355 0.000355 0.000355 0.000355 0.000355 0.000355 0.000355 0.000355 0.000355 0.000355 0.000355 0.000355 0.000355 0.000355 0.000355 0.000355 0.000355 0.000355 0.000355 0.000355 0.000355 0.000355 0.000355 0.000355 0.000355 0.000355 0.000355 0.000355 0.000355 0.000355 0.000355 0.000355 0.000355 0.000355 0.000355 0.000355 0.000355 0.000355 0.000355 0.000355 0.000355 0.000355 0.000355 0.000355 0.000355 0.000355 
0.00036 0.00036 0.00036 0.00036 0.00036 0.00036 0.00036 0.00036 0.00036 0.00036 0.00036 0.00036 0.00036 0.00036 0.00036 0.00036 0.00036 0.00036 0.00036 0.00036 0.00036 0.00036 0.00036 0.00036 0.00036 0.00036 0.00036 0.00036 0.00036 0.00036 0.00036 0.00036 0.00036 0.00036 0.00036 0.00036 0.00036 0.00036 0.00036 0.00036 0.00036 0.00036 0.00036 0.00036 0.00036 0.00036 0.00036 0.00036 0.00036 0.00036 
0.000365 0.000365 0.000365 0.000365 0.000365 0.000365 0.000365 0.000365 0.000365 0.000365 0.000365 0.000365 0.000365 0.000365 0.000365 0.000365 0.000365 0.000365 0.000365 0.000365 0.000365 0.000365 0.000365 0.000365 0.000365 0.000365 0.000365 0.000365 0.000365 0.000365 0.000365 0.000365 0.000365 0.000365 0.000365 0.000365 0.000365 0.000365 0.000365 0.000365 0.000365 0.000365 0.000365 0.000365 0.000365 0.000365 0.000365 0.000365 0.000365 0.000365 
0.00037 0.00037 0.00037 0.00037 0.00037 0.00037 0.00037 0.00037 0.00037 0.00037 0.00037 0.00037 0.00037 0.00037 0.00037 0.00037 0.00037 0.00037 0.00037 0.00037 0.00037 0.00037 0.00037 0.00037 0.00037 0.00037 0.00037 0.00037 0.00037 0.00037 0.00037 0.00037 0.00037 0.00037 0.00037 0.00037 0.00037 0.00037 0.00037 0.00037 0.00037 0.00037 0.00037 0.00037 0.00037 0.00037 0.00037 0.00037 0.00037 0.00037 
0.000375 0.000375 0.000375 0.000375 0.000375 0.000375 0.000375 0.000375 0.000375 0.000375 0.000375 0.000375 0.000375 0.000375 0.000375 0.000375 0.000375 0.000375 0.000375 0.000375 0.000375 0.000375 0.000375 0.000375 0.000375 0.000375 0.000375 0.000375 0.000375 0.000375 0.000375 0.000375 0.000375 0.000375 0.000375 0.000375 0.000375 0.000375 0.000375 0.000375 0.000375 0.000375 0.000375 0.000375 0.000375 0.000375 0.000375 0.000375 0.000375 0.000375 
0.00038 0.00038 0.00038 0.00038 0.00038 0.00038 0.00038 0.00038 0.00038 0.00038 0.00038 0.00038 0.00038 0.00038 0.00038 0.00038 0.00038 0.00038 0.00038 0.00038 0.00038 0.00038 0.00038 0.00038 0.00038 0.00038 0.00038 0.00038 0.00038 0.00038 0.00038 0.00038 0.00038 0.00038 0.00038 0.00038 0.00038 0.00038 0.00038 0.00038 0.00038 0.00038 0.00038 0.00038 0.00038 0.00038 0.00038 0.00038 0.00038 0.00038 
0.000385 0.000385 0.000385 0.000385 0.000385 0.000385 0.000385 0.000385 0.000385 0.000385 0.000385 0.000385 0.000385 0.000385 0.000385 0.000385 0.000385 0.000385 0.000385 0.000385 0.000385 0.000385 0.000385 0.000385 0.000385 0.000385 0.000385 0.000385 0.000385 0.000385 0.000385 0.000385 0.000385 0.000385 0.000385 0.000385 0.000385 0.000385 0.000385 0.000385 0.000385 0.000385 0.000385 0.000385 0.000385 0.000385 0.000385 0.000385 0.000385 0.000385 
0.00039 0.00039 0.00039 0.00039 0.00039 0.00039 0.00039 0.00039 0.00039 0.00039 0.00039 0.00039 0.00039 0.00039 0.00039 0.00039 0.00039 0.00039 0.00039 0.00039 0.00039 0.00039 0.00039 0.00039 0.00039 0.00039 0.00039 0.00039 0.00039 0.00039 0.00039 0.00039 0.00039 0.00039 0.00039 0.00039 0.00039 0.00039 0.00039 0.00039 0.00039 0.00039 0.00039 0.00039 0.00039 0.00039 0.00039 0.00039 0.00039 0.00039 
0.000395 0.000395 0.000395 0.000395 0.000395 0.000395 0.000395 0.000395 0.000395 0.000395 0.000395 0.000395 0.000395 0.000395 0.000395 0.000395 0.000395 0.000395 0.000395 0.000395 0.000395 0.000395 0.000395 0.000395 0.000395 0.000395 0.000395 0.000395 0.000395 0.000395 0.000395 0.000395 0.000395 0.000395 0.000395 0.000395 0.000395 0.000395 0.000395 0.000395 0.000395 0.000395 0.000395 0.000395 0.000395 0.000395 0.000395 0.000395 0.000395 0.000395 
0.0004 0.0004 0.0004 0.0004 0.0004 0.0004 0.0004 0.0004 0.0004 0.0004 0.0004 0.0004 0.0004 0.0004 0.0004 0.0004 0.0004 0.0004 0.0004 0.0004 0.0004 0.0004 0.0004 0.0004 0.0004 0.0004 0.0004 0.0004 0.0004 0.0004 0.0004 0.0004 0.0004 0.0004 0.0004 0.0004 0.0004 0.0004 0.0004 0.0004 0.0004 0.0004 0.0004 0.0004 0.0004 0.0004 0.0004 0.0004 0.0004 0.0004 
0.000405 0.000405 0.000405 0.000405 0.000405 0.000405 0.000405 0.000405 0.000405 0.000405 0.000405 0.000405 0.000405 0.000405 0.000405 0.000405 0.000405 0.000405 0.000405 0.000405 0.000405 0.000405 0.000405 0.000405 0.000405 0.000405 0.000405 0.000405 0.000405 0.000405 0.000405 0.000405 0.000405 0.000405 0.000405 0.000405 0.000405 0.000405 0.000405 0.000405 0.000405 0.000405 0.000405 0.000405 0.000405 0.000405 0.000405 0.000405 0.000405 0.000405 
0.00041 0.00041 0.00041 0.00041 0.00041 0.00041 0.00041 0.00041 0.00041 0.00041 0.00041 0.00041 0.00041 0.00041 0.00041 0.00041 0.00041 0.00041 0.00041 0.00041 0.00041 0.00041 0.00041 0.00041 0.00041 0.00041 0.00041 0.00041 0.00041 0.00041 0.00041 0.00041 0.00041 0.00041 0.00041 0.00041 0.00041 0.00041 0.00041 0.00041 0.00041 0.00041 0.00041 0.00041 0.00041 0.00041 0.00041 0.00041 0.00041 0.00041 
0.000415 0.000415 0.000415 0.000415 0.000415 0.000415 0.000415 0.000415 0.000415 0.000415 0.000415 0.000415 0.000415 0.000415 0.000415 0.000415 0.000415 0.000415 0.000415 0.000415 0.000415 0.000415 0.000415 0.000415 0.000415 0.000415 0.000415 0.000415 0.000415 0.000415 0.000415 0.000415 0.000415 0.000415 0.000415 0.000415 0.000415 0.000415 0.000415 0.000415 0.000415 0.000415 0.000415 0.000415 0.000415 0.000415 0.000415 0.000415 0.000415 0.000415 
0.00042 0.00042 0.00042 0.00042 0.00042 0.00042 0.00042 0.00042 0.00042 0.00042 0.00042 0.00042 0.00042 0.00042 0.00042 0.00042 0.00042 0.00042 0.00042 0.00042 0.00042 0.00042 0.00042 0.00042 0.00042 0.00042 0.00042 0.00042 0.00042 0.00042 0.00042 0.00042 0.00042 0.00042 0.00042 0.00042 0.00042 0.00042 0.00042 0.00042 0.00042 0.00042 0.00042 0.00042 0.00042 0.00042 0.00042 0.00042 0.00042 0.00042 
0.000425 0.000425 0.000425 0.000425 0.000425 0.000425 0.000425 0.000425 0.000425 0.000425 0.000425 0.000425 0.000425 0.000425 0.000425 0.000425 0.000425 0.000425 0.000425 0.000425 0.000425 0.000425 0.000425 0.000425 0.000425 0.000425 0.000425 0.000425 0.000425 0.000425 0.000425 0.000425 0.000425 0.000425 0.000425 0.000425 0.000425 0.000425 0.000425 0.000425 0.000425 0.000425 0.000425 0.000425 0.000425 0.000425 0.000425 0.000425 0.000425 0.000425 
0.00043 0.00043 0.00043 0.00043 0.00043 0.00043 0.00043 0.00043 0.00043 0.00043 0.00043 0.00043 0.00043 0.00043 0.00043 0.00043 0.00043 0.00043 0.00043 0.00043 0.00043 0.00043 0.00043 0.00043 0.00043 0.00043 0.00043 0.00043 0.00043 0.00043 0.00043 0.00043 0.00043 0.00043 0.00043 0.00043 0.00043 0.00043 0.00043 0.00043 0.00043 0.00043 0.00043 0.00043 0.00043 0.00043 0.00043 0.00043 0.00043 0.00043 
0.000435 0.000435 0.000435 0.000435 0.000435 0.000435 0.000435 0.000435 0.000435 0.000435 0.000435 0.000435 0.000435 0.000435 0.000435 0.000435 0.000435 0.000435 0.000435 0.000435 0.000435 0.000435 0.000435 0.000435 0.000435 0.000435 0.000435 0.000435 0.000435 0.000435 0.000435 0.000435 0.000435 0.000435 0.000435 0.000435 0.000435 0.000435 0.000435 0.000435 0.000435 0.000435 0.000435 0.000435 0.000435 0.000435 0.000435 0.000435 0.000435 0.000435 
0.00044 0.00044 0.00044 0.00044 0.00044 0.00044 0.00044 0.00044 0.00044 0.00044 0.00044 0.00044 0.00044 0.00044 0.00044 0.00044 0.00044 0.00044 0.00044 0.00044 0.00044 0.00044 0.00044 0.00044 0.00044 0.00044 0.00044 0.00044 0.00044 0.00044 0.00044 0.00044 0.00044 0.00044 0.00044 0.00044 0.00044 0.00044 0.00044 0.00044 0.00044 0.00044 0.00044 0.00044 0.00044 0.00044 0.00044 0.00044 0.00044 0.00044 
0.000445 0.000445 0.000445 0.000445 0.000445 0.000445 0.000445 0.000445 0.000445 0.000445 0.000445 0.000445 0.000445 0.000445 0.000445 0.000445 0.000445 0.000445 0.000445 0.000445 0.000445 0.000445 0.000445 0.000445 0.000445 0.000445 0.000445 0.000445 0.000445 0.000445 0.000445 0.000445 0.000445 0.000445 0.000445 0.000445 0.000445 0.000445 0.000445 0.000445 0.000445 0.000445 0.000445 0.000445 0.000445 0.000445 0.000445 0.000445 0.000445 0.000445 
0.00045 0.00045 0.00045 0.00045 0.00045 0.00045 0.00045 0.00045 0.00045 0.00045 0.00045 0.00045 0.00045 0.00045 0.00045 0.00045 0.00045 0.00045 0.00045 0.00045 0.00045 0.00045 0.00045 0.00045 0.00045 0.00045 0.00045 0.00045 0.00045 0.00045 0.00045 0.00045 0.00045 0.00045 0.00045 0.00045 0.00045 0.00045 0.00045 0.00045 0.00045 0.00045 0.00045 0.00045 0.00045 0.00045 0.00045 0.00045 0.00045 0.00045 
0.000455 0.000455 0.000455 0.000455 0.000455 0.000455 0.000455 0.000455 0.000455 0.000455 0.000455 0.000455 0.000455 0.000455 0.000455 0.000455 0.000455 0.000455 0.000455 0.000455 0.000455 0.000455 0.000455 0.000455 0.000455 0.000455 0.000455 0.000455 0.000455 0.000455 0.000455 0.000455 0.000455 0.000455 0.000455 0.000455 0.000455 0.000455 0.000455 0.000455 0.000455 0.000455 0.000455 0.000455 0.000455 0.000455 0.000455 0.000455 0.000455 0.000455 
0.00046 0.00046 0.00046 0.00046 0.00046 0.00046 0.00046 0.00046 0.00046 0.00046 0.00046 0.00046 0.00046 0.00046 0.00046 0.00046 0.00046 0.00046 0.00046 0.00046 0.00046 0.00046 0.00046 0.00046 0.00046 0.00046 0.00046 0.00046 0.00046 0.00046 0.00046 0.00046 0.00046 0.00046 0.00046 0.00046 0.00046 0.00046 0.00046 0.00046 0.00046 0.00046 0.00046 0.00046 0.00046 0.00046 0.00046 0.00046 0.00046 0.00046 
0.000465 0.000465 0.000465 0.000465 0.000465 0.000465 0.000465 0.000465 0.000465 0.000465 0.000465 0.000465 0.000465 0.000465 0.000465 0.000465 0.000465 0.000465 0.000465 0.000465 0.000465 0.000465 0.000465 0.000465 0.000465 0.000465 0.000465 0.000465 0.000465 0.000465 0.000465 0.000465 0.000465 0.000465 0.000465 0.000465 0.000465 0.000465 0.000465 0.000465 0.000465 0.000465 0.000465 0.000465 0.000465 0.000465 0.000465 0.000465 0.000465 0.000465 
0.00047 0.00047 0.00047 0.00047 0.00047 0.00047 0.00047 0.00047 0.00047 0.00047 0.00047 0.00047 0.00047 0.00047 0.00047 0.00047 0.00047 0.00047 0.00047 0.00047 0.00047 0.00047 0.00047 0.00047 0.00047 0.00047 0.00047 0.00047 0.00047 0.00047 0.00047 0.00047 0.00047 0.00047 0.00047 0.00047 0.00047 0.00047 0.00047 0.00047 0.00047 0.00047 0.00047 0.00047 0.00047 0.00047 0.00047 0.00047 0.00047 0.00047 
0.000475 0.000475 0.000475 0.000475 0.000475 0.000475 0.000475 0.000475 0.000475 0.000475 0.000475 0.000475 0.000475 0.000475 0.000475 0.000475 0.000475 0.000475 0.000475 0.000475 0.000475 0.000475 0.000475 0.000475 0.000475 0.000475 0.000475 0.000475 0.000475 0.000475 0.000475 0.000475 0.000475 0.000475 0.000475 0.000475 0.000475 0.000475 0.000475 0.000475 0.000475 0.000475 0.000475 0.000475 0.000475 0.000475 0.000475 0.000475 0.000475 0.000475 
0.00048 0.00048 0.00048 0.00048 0.00048 0.00048 0.00048 0.00048 0.00048 0.00048 0.00048 0.00048 0.00048 0.00048 0.00048 0.00048 0.00048 0.00048 0.00048 0.00048 0.00048 0.00048 0.00048 0.00048 0.00048 0.00048 0.00048 0.00048 0.00048 0.00048 0.00048 0.00048 0.00048 0.00048 0.00048 0.00048 0.00048 0.00048 0.00048 0.00048 0.00048 0.00048 0.00048 0.00048 0.00048 0.00048 0.00048 0.00048 0.00048 0.00048 
0.000485 0.000485 0.000485 0.000485 0.000485 0.000485 0.000485 0.000485 0.000485 0.000485 0.000485 0.000485 0.000485 0.000485 0.000485 0.000485 0.000485 0.000485 0.000485 0.000485 0.000485 0.000485 0.000485 0.000485 0.000485 0.000485 0.000485 0.000485 0.000485 0.000485 0.000485 0.000485 0.000485 0.000485 0.000485 0.000485 0.000485 0.000485 0.000485 0.000485 0.000485 0.000485 0.000485 0.000485 0.000485 0.000485 0.000485 0.000485 0.000485 0.000485 
0.00049 0.00049 0.00049 0.00049 0.00049 0.00049 0.00049 0.00049 0.00049 0.00049 0.00049 0.00049 0.00049 0.00049 0.00049 0.00049 0.00049 0.00049 0.00049 0.00049 0.00049 0.00049 0.00049 0.00049 0.00049 0.00049 0.00049 0.00049 0.00049 0.00049 0.00049 0.00049 0.00049 0.00049 0.00049 0.00049 0.00049 0.00049 0.00049 0.00049 0.00049 0.00049 0.00049 0.00049 0.00049 0.00049 0.00049 0.00049 0.00049 0.00049 
0.000495 0.000495 0.000495 0.000495 0.000495 0.000495 0.000495 0.000495 0.000495 0.000495 0.000495 0.000495 0.000495 0.000495 0.000495 0.000495 0.000495 0.000495 0.000495 0.000495 0.000495 0.000495 0.000495 0.000495 0.000495 0.000495 0.000495 0.000495 0.000495 0.000495 0.000495 0.000495 0.000495 0.000495 0.000495 0.000495 0.000495 0.000495 0.000495 0.000495 0.000495 0.000495 0.000495 0.000495 0.000495 0.000495 0.000495 0.000495 0.000495 0.000495 
0.0005 0.0005 0.0005 0.0005 0.0005 0.0005 0.0005 0.0005 0.0005 0.0005 0.0005 0.0005 0.0005 0.0005 0.0005 0.0005 0.0005 0.0005 0.0005 0.0005 0.0005 0.0005 0.0005 0.0005 0.0005 0.0005 0.0005 0.0005 0.0005 0.0005 0.0005 0.0005 0.0005 0.0005 0.0005 0.0005 0.0005 0.0005 0.0005 0.0005 0.0005 0.0005 0.0005 0.0005 0.0005 0.0005 0.0005 0.0005 0.0005 0.0005 
0.000505 0.000505 0.000505 0.000505 0.000505 0.000505 0.000505 0.000505 0.000505 0.000505 0.000505 0.000505 0.000505 0.000505 0.000505 0.000505 0.000505 0.000505 0.000505 0.000505 0.000505 0.000505 0.000505 0.000505 0.000505 0.000505 0.000505 0.000505 0.000505 0.000505 0.000505 0.000505 0.000505 0.000505 0.000505 0.000505 0.000505 0.000505 0.000505 0.000505 0.000505 0.000505 0.000505 0.000505 0.000505 0.000505 0.000505 0.000505 0.000505 0.000505 
0.00051 0.00051 0.00051 0.00051 0.00051 0.00051 0.00051 0.00051 0.00051 0.00051 0.00051 0.00051 0.00051 0.00051 0.00051 0.00051 0.00051 0.00051 0.00051 0.00051 0.00051 0.00051 0.00051 0.00051 0.00051 0.00051 0.00051 0.00051 0.00051 0.00051 0.00051 0.00051 0.00051 0.00051 0.00051 0.00051 0.00051 0.00051 0.00051 0.00051 0.00051 0.00051 0.00051 0.00051 0.00051 0.00051 0.00051 0.00051 0.00051 0.00051 
0.000515 0.000515 0.000515 0.000515 0.000515 0.000515 0.000515 0.000515 0.000515 0.000515 0.000515 0.000515 0.000515 0.000515 0.000515 0.000515 0.000515 0.000515 0.000515 0.000515 0.000515 0.000515 0.000515 0.000515 0.000515 0.000515 0.000515 0.000515 0.000515 0.000515 0.000515 0.000515 0.000515 0.000515 0.000515 0.000515 0.000515 0.000515 0.000515 0.000515 0.000515 0.000515 0.000515 0.000515 0.000515 0.000515 0.000515 0.000515 0.000515 0.000515 
0.00052 0.00052 0.00052 0.00052 0.00052 0.00052 0.00052 0.00052 0.00052 0.00052 0.00052 0.00052 0.00052 0.00052 0.00052 0.00052 0.00052 0.00052 0.00052 0.00052 0.00052 0.00052 0.00052 0.00052 0.00052 0.00052 0.00052 0.00052 0.00052 0.00052 0.00052 0.00052 0.00052 0.00052 0.00052 0.00052 0.00052 0.00052 0.00052 0.00052 0.00052 0.00052 0.00052 0.00052 0.00052 0.00052 0.00052 0.00052 0.00052 0.00052 
0.000525 0.000525 0.000525 0.000525 0.000525 0.000525 0.000525 0.000525 0.000525 0.000525 0.000525 0.000525 0.000525 0.000525 0.000525 0.000525 0.000525 0.000525 0.000525 0.000525 0.000525 0.000525 0.000525 0.000525 0.000525 0.000525 0.000525 0.000525 0.000525 0.000525 0.000525 0.000525 0.000525 0.000525 0.000525 0.000525 0.000525 0.000525 0.000525 0.000525 0.000525 0.000525 0.000525 0.000525 0.000525 0.000525 0.000525 0.000525 0.000525 0.000525 
0.00053 0.00053 0.00053 0.00053 0.00053 0.00053 0.00053 0.00053 0.00053 0.00053 0.00053 0.00053 0.00053 0.00053 0.00053 0.00053 0.00053 0.00053 0.00053 0.00053 0.00053 0.00053 0.00053 0.00053 0.00053 0.00053 0.00053 0.00053 0.00053 0.00053 0.00053 0.00053 0.00053 0.00053 0.00053 0.00053 0.00053 0.00053 0.00053 0.00053 0.00053 0.00053 0.00053 0.00053 0.00053 0.00053 0.00053 0.00053 0.00053 0.00053 
0.000535 0.000535 0.000535 0.000535 0.000535 0.000535 0.000535 0.000535 0.000535 0.000535 0.000535 0.000535 0.000535 0.000535 0.000535 0.000535 0.000535 0.000535 0.000535 0.000535 0.000535 0.000535 0.000535 0.000535 0.000535 0.000535 0.000535 0.000535 0.000535 0.000535 0.000535 0.000535 0.000535 0.000535 0.000535 0.000535 0.000535 0.000535 0.000535 0.000535 0.000535 0.000535 0.000535 0.000535 0.000535 0.000535 0.000535 0.000535 0.000535 0.000535 
0.00054 0.00054 0.00054 0.00054 0.00054 0.00054 0.00054 0.00054 0.00054 0.00054 0.00054 0.00054 0.00054 0.00054 0.00054 0.00054 0.00054 0.00054 0.00054 0.00054 0.00054 0.00054 0.00054 0.00054 0.00054 0.00054 0.00054 0.00054 0.00054 0.00054 0.00054 0.00054 0.00054 0.00054 0.00054 0.00054 0.00054 0.00054 0.00054 0.00054 0.00054 0.00054 0.00054 0.00054 0.00054 0.00054 0.00054 0.00054 0.00054 0.00054 
0.000545 0.000545 0.000545 0.000545 0.000545 0.000545 0.000545 0.000545 0.000545 0.000545 0.000545 0.000545 0.000545 0.000545 0.000545 0.000545 0.000545 0.000545 0.000545 0.000545 0.000545 0.000545 0.000545 0.000545 0.000545 0.000545 0.000545 0.000545 0.000545 0.000545 0.000545 0.000545 0.000545 0.000545 0.000545 0.000545 0.000545 0.000545 0.000545 0.000545 0.000545 0.000545 0.000545 0.000545 0.000545 0.000545 0.000545 0.000545 0.000545 0.000545 
0.00055 0.00055 0.00055 0.00055 0.00055 0.00055 0.00055 0.00055 0.00055 0.00055 0.00055 0.00055 0.00055 0.00055 0.00055 0.00055 0.00055 0.00055 0.00055 0.00055 0.00055 0.00055 0.00055 0.00055 0.00055 0.00055 0.00055 0.00055 0.00055 0.00055 0.00055 0.00055 0.00055 0.00055 0.00055 0.00055 0.00055 0.00055 0.00055 0.00055 0.00055 0.00055 0.00055 0.00055 0.00055 0.00055 0.00055 0.00055 0.00055 0.00055 
0.000555 0.000555 0.000555 0.000555 0.000555 0.000555 0.000555 0.000555 0.000555 0.000555 0.000555 0.000555 0.000555 0.000555 0.000555 0.000555 0.000555 0.000555 0.000555 0.000555 0.000555 0.000555 0.000555 0.000555 0.000555 0.000555 0.000555 0.000555 0.000555 0.000555 0.000555 0.000555 0.000555 0.000555 0.000555 0.000555 0.000555 0.000555 0.000555 0.000555 0.000555 0.000555 0.000555 0.000555 0.000555 0.000555 0.000555 0.000555 0.000555 0.000555 
0.00056 0.00056 0.00056 0.00056 0.00056 0.00056 0.00056 0.00056 0.00056 0.00056 0.00056 0.00056 0.00056 0.00056 0.00056 0.00056 0.00056 0.00056 0.00056 0.00056 0.00056 0.00056 0.00056 0.00056 0.00056 0.00056 0.00056 0.00056 0.00056 0.00056 0.00056 0.00056 0.00056 0.00056 0.00056 0.00056 0.00056 0.00056 0.00056 0.00056 0.00056 0.00056 0.00056 0.00056 0.00056 0.00056 0.00056 0.00056 0.00056 0.00056 
0.000565 0.000565 0.000565 0.000565 0.000565 0.000565 0.000565 0.000565 0.000565 0.000565 0.000565 0.000565 0.000565 0.000565 0.000565 0.000565 0.000565 0.000565 0.000565 0.000565 0.000565 0.000565 0.000565 0.000565 0.000565 0.000565 0.000565 0.000565 0.000565 0.000565 0.000565 0.000565 0.000565 0.000565 0.000565 0.000565 0.000565 0.000565 0.000565 0.000565 0.000565 0.000565 0.000565 0.000565 0.000565 0.000565 0.000565 0.000565 0.000565 0.000565 
0.00057 0.00057 0.00057 0.00057 0.00057 0.00057 0.00057 0.00057 0.00057 0.00057 0.00057 0.00057 0.00057 0.00057 0.00057 0.00057 0.00057 0.00057 0.00057 0.00057 0.00057 0.00057 0.00057 0.00057 0.00057 0.00057 0.00057 0.00057 0.00057 0.00057 0.00057 0.00057 0.00057 0.00057 0.00057 0.00057 0.00057 0.00057 0.00057 0.00057 0.00057 0.00057 0.00057 0.00057 0.00057 0.00057 0.00057 0.00057 0.00057 0.00057 
0.000575 0.000575 0.000575 0.000575 0.000575 0.000575 0.000575 0.000575 0.000575 0.000575 0.000575 0.000575 0.000575 0.000575 0.000575 0.000575 0.000575 0.000575 0.000575 0.000575 0.000575 0.000575 0.000575 0.000575 0.000575 0.000575 0.000575 0.000575 0.000575 0.000575 0.000575 0.000575 0.000575 0.000575 0.000575 0.000575 0.000575 0.000575 0.000575 0.000575 0.000575 0.000575 0.000575 0.000575 0.000575 0.000575 0.000575 0.000575 0.000575 0.000575 
0.00058 0.00058 0.00058 0.00058 0.00058 0.00058 0.00058 0.00058 0.00058 0.00058 0.00058 0.00058 0.00058 0.00058 0.00058 0.00058 0.00058 0.00058 0.00058 0.00058 0.00058 0.00058 0.00058 0.00058 0.00058 0.00058 0.00058 0.00058 0.00058 0.00058 0.00058 0.00058 0.00058 0.00058 0.00058 0.00058 0.00058 0.00058 0.00058 0.00058 0.00058 0.00058 0.00058 0.00058 0.00058 0.00058 0.00058 0.00058 0.00058 0.00058 
0.000585 0.000585 0.000585 0.000585 0.000585 0.000585 0.000585 0.000585 0.000585 0.000585 0.000585 0.000585 0.000585 0.000585 0.000585 0.000585 0.000585 0.000585 0.000585 0.000585 0.000585 0.000585 0.000585 0.000585 0.000585 0.000585 0.000585 0.000585 0.000585 0.000585 0.000585 0.000585 0.000585 0.000585 0.000585 0.000585 0.000585 0.000585 0.000585 0.000585 0.000585 0.000585 0.000585 0.000585 0.000585 0.000585 0.000585 0.000585 0.000585 0.000585 
0.00059 0.00059 0.00059 0.00059 0.00059 0.00059 0.00059 0.00059 0.00059 0.00059 0.00059 0.00059 0.00059 0.00059 0.00059 0.00059 0.00059 0.00059 0.00059 0.00059 0.00059 0.00059 0.00059 0.00059 0.00059 0.00059 0.00059 0.00059 0.00059 0.00059 0.00059 0.00059 0.00059 0.00059 0.00059 0.00059 0.00059 0.00059 0.00059 0.00059 0.00059 0.00059 0.00059 0.00059 0.00059 0.00059 0.00059 0.00059 0.00059 0.00059 
0.000595 0.000595 0.000595 0.000595 0.000595 0.000595 0.000595 0.000595 0.000595 0.000595 0.000595 0.000595 0.000595 0.000595 0.000595 0.000595 0.000595 0.000595 0.000595 0.000595 0.000595 0.000595 0.000595 0.000595 0.000595 0.000595 0.000595 0.000595 0.000595 0.000595 0.000595 0.000595 0.000595 0.000595 0.000595 0.000595 0.000595 0.000595 0.000595 0.000595 0.000595 0.000595 0.000595 0.000595 0.000595 0.000595 0.000595 0.000595 0.000595 0.000595 
0.0006 0.0006 0.0006 0.0006 0.0006 0.0006 0.0006 0.0006 0.0006 0.0006 0.0006 0.0006 0.0006 0.0006 0.0006 0.0006 0.0006 0.0006 0.0006 0.0006 0.0006 0.0006 0.0006 0.0006 0.0006 0.0006 0.0006 0.0006 0.0006 0.0006 0.0006 0.0006 0.0006 0.0006 0.0006 0.0006 0.0006 0.0006 0.0006 0.0006 0.0006 0.0006 0.0006 0.0006 0.0006 0.0006 0.0006 0.0006 0.0006 0.0006 
0.000605 0.000605 0.000605 0.000605 0.000605 0.000605 0.000605 0.000605 0.000605 0.000605 0.000605 0.000605 0.000605 0.000605 0.000605 0.000605 0.000605 0.000605 0.000605 0.000605 0.000605 0.000605 0.000605 0.000605 0.000605 0.000605 0.000605 0.000605 0.000605 0.000605 0.000605 0.000605 0.000605 0.000605 0.000605 0.000605 0.000605 0.000605 0.000605 0.000605 0.000605 0.000605 0.000605 0.000605 0.000605 0.000605 0.000605 0.000605 0.000605 0.000605 
0.00061 0.00061 0.00061 0.00061 0.00061 0.00061 0.00061 0.00061 0.00061 0.00061 0.00061 0.00061 0.00061 0.00061 0.00061 0.00061 0.00061 0.00061 0.00061 0.00061 0.00061 0.00061 0.00061 0.00061 0.00061 0.00061 0.00061 0.00061 0.00061 0.00061 0.00061 0.00061 0.00061 0.00061 0.00061 0.00061 0.00061 0.00061 0.00061 0.00061 0.00061 0.00061 0.00061 0.00061 0.00061 0.00061 0.00061 0.00061 0.00061 0.00061 
0.000615 0.000615 0.000615 0.000615 0.000615 0.000615 0.000615 0.000615 0.000615 0.000615 0.000615 0.000615 0.000615 0.000615 0.000615 0.000615 0.000615 0.000615 0.000615 0.000615 0.000615 0.000615 0.000615 0.000615 0.000615 0.000615 0.000615 0.000615 0.000615 0.000615 0.000615 0.000615 0.000615 0.000615 0.000615 0.000615 0.000615 0.000615 0.000615 0.000615 0.000615 0.000615 0.000615 0.000615 0.000615 0.000615 0.000615 0.000615 0.000615 0.000615 
0.00062 0.00062 0.00062 0.00062 0.00062 0.00062 0.00062 0.00062 0.00062 0.00062 0.00062 0.00062 0.00062 0.00062 0.00062 0.00062 0.00062 0.00062 0.00062 0.00062 0.00062 0.00062 0.00062 0.00062 0.00062 0.00062 0.00062 0.00062 0.00062 0.00062 0.00062 0.00062 0.00062 0.00062 0.00062 0.00062 0.00062 0.00062 0.00062 0.00062 0.00062 0.00062 0.00062 0.00062 0.00062 0.00062 0.00062 0.00062 0.00062 0.00062 
0.000625 0.000625 0.000625 0.000625 0.000625 0.000625 0.000625 0.000625 0.000625 0.000625 0.000625 0.000625 0.000625 0.000625 0.000625 0.000625 0.000625 0.000625 0.000625 0.000625 0.000625 0.000625 0.000625 0.000625 0.000625 0.000625 0.000625 0.000625 0.000625 0.000625 0.000625 0.000625 0.000625 0.000625 0.000625 0.000625 0.000625 0.000625 0.000625 0.000625 0.000625 0.000625 0.000625 0.000625 0.000625 0.000625 0.000625 0.000625 0.000625 0.000625 
0.00063 0.00063 0.00063 0.00063 0.00063 0.00063 0.00063 0.00063 0.00063 0.00063 0.00063 0.00063 0.00063 0.00063 0.00063 0.00063 0.00063 0.00063 0.00063 0.00063 0.00063 0.00063 0.00063 0.00063 0.00063 0.00063 0.00063 0.00063 0.00063 0.00063 0.00063 0.00063 0.00063 0.00063 0.00063 0.00063 0.00063 0.00063 0.00063 0.00063 0.00063 0.00063 0.00063 0.00063 0.00063 0.00063 0.00063 0.00063 0.00063 0.00063 
0.000635 0.000635 0.000635 0.000635 0.000635 0.000635 0.000635 0.000635 0.000635 0.000635 0.000635 0.000635 0.000635 0.000635 0.000635 0.000635 0.000635 0.000635 0.000635 0.000635 0.000635 0.000635 0.000635 0.000635 0.000635 0.000635 0.000635 0.000635 0.000635 0.000635 0.000635 0.000635 0.000635 0.000635 0.000635 0.000635 0.000635 0.000635 0.000635 0.000635 0.000635 0.000635 0.000635 0.000635 0.000635 0.000635 0.000635 0.000635 0.000635 0.000635 
0.00064 0.00064 0.00064 0.00064 0.00064 0.00064 0.00064 0.00064 0.00064 0.00064 0.00064 0.00064 0.00064 0.00064 0.00064 0.00064 0.00064 0.00064 0.00064 0.00064 0.00064 0.00064 0.00064 0.00064 0.00064 0.00064 0.00064 0.00064 0.00064 0.00064 0.00064 0.00064 0.00064 0.00064 0.00064 0.00064 0.00064 0.00064 0.00064 0.00064 0.00064 0.00064 0.00064 0.00064 0.00064 0.00064 0.00064 0.00064 0.00064 0.00064 
0.000645 0.000645 0.000645 0.000645 0.000645 0.000645 0.000645 0.000645 0.000645 0.000645 0.000645 0.000645 0.000645 0.000645 0.000645 0.000645 0.000645 0.000645 0.000645 0.000645 0.000645 0.000645 0.000645 0.000645 0.000645 0.000645 0.000645 0.000645 0.000645 0.000645 0.000645 0.000645 0.000645 0.000645 0.000645 0.000645 0.000645 0.000645 0.000645 0.000645 0.000645 0.000645 0.000645 0.000645 0.000645 0.000645 0.000645 0.000645 0.000645 0.000645 
0.00065 0.00065 0.00065 0.00065 0.00065 0.00065 0.00065 0.00065 0.00065 0.00065 0.00065 0.00065 0.00065 0.00065 0.00065 0.00065 0.00065 0.00065 0.00065 0.00065 0.00065 0.00065 0.00065 0.00065 0.00065 0.00065 0.00065 0.00065 0.00065 0.00065 0.00065 0.00065 0.00065 0.00065 0.00065 0.00065 0.00065 0.00065 0.00065 0.00065 0.00065 0.00065 0.00065 0.00065 0.00065 0.00065 0.00065 0.00065 0.00065 0.00065 
0.000655 0.000655 0.000655 0.000655 0.000655 0.000655 0.000655 0.000655 0.000655 0.000655 0.000655 0.000655 0.000655 0.000655 0.000655 0.000655 0.000655 0.000655 0.000655 0.000655 0.000655 0.000655 0.000655 0.000655 0.000655 0.000655 0.000655 0.000655 0.000655 0.000655 0.000655 0.000655 0.000655 0.000655 0.000655 0.000655 0.000655 0.000655 0.000655 0.000655 0.000655 0.000655 0.000655 0.000655 0.000655 0.000655 0.000655 0.000655 0.000655 0.000655 
0.00066 0.00066 0.00066 0.00066 0.00066 0.00066 0.00066 0.00066 0.00066 0.00066 0.00066 0.00066 0.00066 0.00066 0.00066 0.00066 0.00066 0.00066 0.00066 0.00066 0.00066 0.00066 0.00066 0.00066 0.00066 0.00066 0.00066 0.00066 0.00066 0.00066 0.00066 0.00066 0.00066 0.00066 0.00066 0.00066 0.00066 0.00066 0.00066 0.00066 0.00066 0.00066 0.00066 0.00066 0.00066 0.00066 0.00066 0.00066 0.00066 0.00066 
0.000665 0.000665 0.000665 0.000665 0.000665 0.000665 0.000665 0.000665 0.000665 0.000665 0.000665 0.000665 0.000665 0.000665 0.000665 0.000665 0.000665 0.000665 0.000665 0.000665 0.000665 0.000665 0.000665 0.000665 0.000665 0.000665 0.000665 0.000665 0.000665 0.000665 0.000665 0.000665 0.000665 0.000665 0.000665 0.000665 0.000665 0.000665 0.000665 0.000665 0.000665 0.000665 0.000665 0.000665 0.000665 0.000665 0.000665 0.000665 0.000665 0.000665 
0.00067 0.00067 0.00067 0.00067 0.00067 0.00067 0.00067 0.00067 0.00067 0.00067 0.00067 0.00067 0.00067 0.00067 0.00067 0.00067 0.00067 0.00067 0.00067 0.00067 0.00067 0.00067 0.00067 0.00067 0.00067 0.00067 0.00067 0.00067 0.00067 0.00067 0.00067 0.00067 0.00067 0.00067 0.00067 0.00067 0.00067 0.00067 0.00067 0.00067 0.00067 0.00067 0.00067 0.00067 0.00067 0.00067 0.00067 0.00067 0.00067 0.00067 
0.000675 0.000675 0.000675 0.000675 0.000675 0.000675 0.000675 0.000675 0.000675 0.000675 0.000675 0.000675 0.000675 0.000675 0.000675 0.000675 0.000675 0.000675 0.000675 0.000675 0.000675 0.000675 0.000675 0.000675 0.000675 0.000675 0.000675 0.000675 0.000675 0.000675 0.000675 0.000675 0.000675 0.000675 0.000675 0.000675 0.000675 0.000675 0.000675 0.000675 0.000675 0.000675 0.000675 0.000675 0.000675 0.000675 0.000675 0.000675 0.000675 0.000675 
0.00068 0.00068 0.00068 0.00068 0.00068 0.00068 0.00068 0.00068 0.00068 0.00068 0.00068 0.00068 0.00068 0.00068 0.00068 0.00068 0.00068 0.00068 0.00068 0.00068 0.00068 0.00068 0.00068 0.00068 0.00068 0.00068 0.00068 0.00068 0.00068 0.00068 0.00068 0.00068 0.00068 0.00068 0.00068 0.00068 0.00068 0.00068 0.00068 0.00068 0.00068 0.00068 0.00068 0.00068 0.00068 0.00068 0.00068 0.00068 0.00068 0.00068 
0.000685 0.000685 0.000685 0.000685 0.000685 0.000685 0.000685 0.000685 0.000685 0.000685 0.000685 0.000685 0.000685 0.000685 0.000685 0.000685 0.000685 0.000685 0.000685 0.000685 0.000685 0.000685 0.000685 0.000685 0.000685 0.000685 0.000685 0.000685 0.000685 0.000685 0.000685 0.000685 0.000685 0.000685 0.000685 0.000685 0.000685 0.000685 0.000685 0.000685 0.000685 0.000685 0.000685 0.000685 0.000685 0.000685 0.000685 0.000685 0.000685 0.000685 
0.00069 0.00069 0.00069 0.00069 0.00069 0.00069 0.00069 0.00069 0.00069 0.00069 0.00069 0.00069 0.00069 0.00069 0.00069 0.00069 0.00069 0.00069 0.00069 0.00069 0.00069 0.00069 0.00069 0.00069 0.00069 0.00069 0.00069 0.00069 0.00069 0.00069 0.00069 0.00069 0.00069 0.00069 0.00069 0.00069 0.00069 0.00069 0.00069 0.00069 0.00069 0.00069 0.00069 0.00069 0.00069 0.00069 0.00069 0.00069 0.00069 0.00069 
0.000695 0.000695 0.000695 0.000695 0.000695 0.000695 0.000695 0.000695 0.000695 0.000695 0.000695 0.000695 0.000695 0.000695 0.000695 0.000695 0.000695 0.000695 0.000695 0.000695 0.000695 0.000695 0.000695 0.000695 0.000695 0.000695 0.000695 0.000695 0.000695 0.000695 0.000695 0.000695 0.000695 0.000695 0.000695 0.000695 0.000695 0.000695 0.000695 0.000695 0.000695 0.000695 0.000695 0.000695 0.000695 0.000695 0.000695 0.000695 0.000695 0.000695 
0.0007 0.0007 0.0007 0.0007 0.0007 0.0007 0.0007 0.0007 0.0007 0.0007 0.0007 0.0007 0.0007 0.0007 0.0007 0.0007 0.0007 0.0007 0.0007 0.0007 0.0007 0.0007 0.0007 0.0007 0.0007 0.0007 0.0007 0.0007 0.0007 0.0007 0.0007 0.0007 0.0007 0.0007 0.0007 0.0007 0.0007 0.0007 0.0007 0.0007 0.0007 0.0007 0.0007 0.0007 0.0007 0.0007 0.0007 0.0007 0.0007 0.0007 
0.000705 0.000705 0.000705 0.000705 0.000705 0.000705 0.000705 0.000705 0.000705 0.000705 0.000705 0.000705 0.000705 0.000705 0.000705 0.000705 0.000705 0.000705 0.000705 0.000705 0.000705 0.000705 0.000705 0.000705 0.000705 0.000705 0.000705 0.000705 0.000705 0.000705 0.000705 0.000705 0.000705 0.000705 0.000705 0.000705 0.000705 0.000705 0.000705 0.000705 0.000705 0.000705 0.000705 0.000705 0.000705 0.000705 0.000705 0.000705 0.000705 0.000705 
0.00071 0.00071 0.00071 0.00071 0.00071 0.00071 0.00071 0.00071 0.00071 0.00071 0.00071 0.00071 0.00071 0.00071 0.00071 0.00071 0.00071 0.00071 0.00071 0.00071 0.00071 0.00071 0.00071 0.00071 0.00071 0.00071 0.00071 0.00071 0.00071 0.00071 0.00071 0.00071 0.00071 0.00071 0.00071 0.00071 0.00071 0.00071 0.00071 0.00071 0.00071 0.00071 0.00071 0.00071 0.00071 0.00071 0.00071 0.00071 0.00071 0.00071 
0.000715 0.000715 0.000715 0.000715 0.000715 0.000715 0.000715 0.000715 0.000715 0.000715 0.000715 0.000715 0.000715 0.000715 0.000715 0.000715 0.000715 0.000715 0.000715 0.000715 0.000715 0.000715 0.000715 0.000715 0.000715 0.000715 0.000715 0.000715 0.000715 0.000715 0.000715 0.000715 0.000715 0.000715 0.000715 0.000715 0.000715 0.000715 0.000715 0.000715 0.000715 0.000715 0.000715 0.000715 0.000715 0.000715 0.000715 0.000715 0.000715 0.000715 
0.00072 0.00072 0.00072 0.00072 0.00072 0.00072 0.00072 0.00072 0.00072 0.00072 0.00072 0.00072 0.00072 0.00072 0.00072 0.00072 0.00072 0.00072 0.00072 0.00072 0.00072 0.00072 0.00072 0.00072 0.00072 0.00072 0.00072 0.00072 0.00072 0.00072 0.00072 0.00072 0.00072 0.00072 0.00072 0.00072 0.00072 0.00072 0.00072 0.00072 0.00072 0.00072 0.00072 0.00072 0.00072 0.00072 0.00072 0.00072 0.00072 0.00072 
0.000725 0.000725 0.000725 0.000725 0.000725 0.000725 0.000725 0.000725 0.000725 0.000725 0.000725 0.000725 0.000725 0.000725 0.000725 0.000725 0.000725 0.000725 0.000725 0.000725 0.000725 0.000725 0.000725 0.000725 0.000725 0.000725 0.000725 0.000725 0.000725 0.000725 0.000725 0.000725 0.000725 0.000725 0.000725 0.000725 0.000725 0.000725 0.000725 0.000725 0.000725 0.000725 0.000725 0.000725 0.000725 0.000725 0.000725 0.000725 0.000725 0.000725 
0.00073 0.00073 0.00073 0.00073 0.00073 0.00073 0.00073 0.00073 0.00073 0.00073 0.00073 0.00073 0.00073 0.00073 0.00073 0.00073 0.00073 0.00073 0.00073 0.00073 0.00073 0.00073 0.00073 0.00073 0.00073 0.00073 0.00073 0.00073 0.00073 0.00073 0.00073 0.00073 0.00073 0.00073 0.00073 0.00073 0.00073 0.00073 0.00073 0.00073 0.00073 0.00073 0.00073 0.00073 0.00073 0.00073 0.00073 0.00073 0.00073 0.00073 
0.000735 0.000735 0.000735 0.000735 0.000735 0.000735 0.000735 0.000735 0.000735 0.000735 0.000735 0.000735 0.000735 0.000735 0.000735 0.000735 0.000735 0.000735 0.000735 0.000735 0.000735 0.000735 0.000735 0.000735 0.000735 0.000735 0.000735 0.000735 0.000735 0.000735 0.000735 0.000735 0.000735 0.000735 0.000735 0.000735 0.000735 0.000735 0.000735 0.000735 0.000735 0.000735 0.000735 0.000735 0.000735 0.000735 0.000735 0.000735 0.000735 0.000735 
0.00074 0.00074 0.00074 0.00074 0.00074 0.00074 0.00074 0.00074 0.00074 0.00074 0.00074 0.00074 0.00074 0.00074 0.00074 0.00074 0.00074 0.00074 0.00074 0.00074 0.00074 0.00074 0.00074 0.00074 0.00074 0.00074 0.00074 0.00074 0.00074 0.00074 0.00074 0.00074 0.00074 0.00074 0.00074 0.00074 0.00074 0.00074 0.00074 0.00074 0.00074 0.00074 0.00074 0.00074 0.00074 0.00074 0.00074 0.00074 0.00074 0.00074 
0.000745 0.000745 0.000745 0.000745 0.000745 0.000745 0.000745 0.000745 0.000745 0.000745 0.000745 0.000745 0.000745 0.000745 0.000745 0.000745 0.000745 0.000745 0.000745 0.000745 0.000745 0.000745 0.000745 0.000745 0.000745 0.000745 0.000745 0.000745 0.000745 0.000745 0.000745 0.000745 0.000745 0.000745 0.000745 0.000745 0.000745 0.000745 0.000745 0.000745 0.000745 0.000745 0.000745 0.000745 0.000745 0.000745 0.000745 0.000745 0.000745 0.000745 
0.00075 0.00075 0.00075 0.00075 0.00075 0.00075 0.00075 0.00075 0.00075 0.00075 0.00075 0.00075 0.00075 0.00075 0.00075 0.00075 0.00075 0.00075 0.00075 0.00075 0.00075 0.00075 0.00075 0.00075 0.00075 0.00075 0.00075 0.00075 0.00075 0.00075 0.00075 0.00075 0.00075 0.00075 0.00075 0.00075 0.00075 0.00075 0.00075 0.00075 0.00075 0.00075 0.00075 0.00075 0.00075 0.00075 0.00075 0.00075 0.00075 0.00075 
0.000755 0.000755 0.000755 0.000755 0.000755 0.000755 0.000755 0.000755 0.000755 0.000755 0.000755 0.000755 0.000755 0.000755 0.000755 0.000755 0.000755 0.000755 0.000755 0.000755 0.000755 0.000755 0.000755 0.000755 0.000755 0.000755 0.000755 0.000755 0.000755 0.000755 0.000755 0.000755 0.000755 0.000755 0.000755 0.000755 0.000755 0.000755 0.000755 0.000755 0.000755 0.000755 0.000755 0.000755 0.000755 0.000755 0.000755 0.000755 0.000755 0.000755 
0.00076 0.00076 0.00076 0.00076 0.00076 0.00076 0.00076 0.00076 0.00076 0.00076 0.00076 0.00076 0.00076 0.00076 0.00076 0.00076 0.00076 0.00076 0.00076 0.00076 0.00076 0.00076 0.00076 0.00076 0.00076 0.00076 0.00076 0.00076 0.00076 0.00076 0.00076 0.00076 0.00076 0.00076 0.00076 0.00076 0.00076 0.00076 0.00076 0.00076 0.00076 0.00076 0.00076 0.00076 0.00076 0.00076 0.00076 0.00076 0.00076 0.00076 
0.000765 0.000765 0.000765 0.000765 0.000765 0.000765 0.000765 0.000765 0.000765 0.000765 0.000765 0.000765 0.000765 0.000765 0.000765 0.000765 0.000765 0.000765 0.000765 0.000765 0.000765 0.000765 0.000765 0.000765 0.000765 0.000765 0.000765 0.000765 0.000765 0.000765 0.000765 0.000765 0.000765 0.000765 0.000765 0.000765 0.000765 0.000765 0.000765 0.000765 0.000765 0.000765 0.000765 0.000765 0.000765 0.000765 0.000765 0.000765 0.000765 0.000765 
0.00077 0.00077 0.00077 0.00077 0.00077 0.00077 0.00077 0.00077 0.00077 0.00077 0.00077 0.00077 0.00077 0.00077 0.00077 0.00077 0.00077 0.00077 0.00077 0.00077 0.00077 0.00077 0.00077 0.00077 0.00077 0.00077 0.00077 0.00077 0.00077 0.00077 0.00077 0.00077 0.00077 0.00077 0.00077 0.00077 0.00077 0.00077 0.00077 0.00077 0.00077 0.00077 0.00077 0.00077 0.00077 0.00077 0.00077 0.00077 0.00077 0.00077 
0.000775 0.000775 0.000775 0.000775 0.000775 0.000775 0.000775 0.000775 0.000775 0.000775 0.000775 0.000775 0.000775 0.000775 0.000775 0.000775 0.000775 0.000775 0.000775 0.000775 0.000775 0.000775 0.000775 0.000775 0.000775 0.000775 0.000775 0.000775 0.000775 0.000775 0.000775 0.000775 0.000775 0.000775 0.000775 0.000775 0.000775 0.000775 0.000775 0.000775 0.000775 0.000775 0.000775 0.000775 0.000775 0.000775 0.000775 0.000775 0.000775 0.000775 
0.00078 0.00078 0.00078 0.00078 0.00078 0.00078 0.00078 0.00078 0.00078 0.00078 0.00078 0.00078 0.00078 0.00078 0.00078 0.00078 0.00078 0.00078 0.00078 0.00078 0.00078 0.00078 0.00078 0.00078 0.00078 0.00078 0.00078 0.00078 0.00078 0.00078 0.00078 0.00078 0.00078 0.00078 0.00078 0.00078 0.00078 0.00078 0.00078 0.00078 0.00078 0.00078 0.00078 0.00078 0.00078 0.00078 0.00078 0.00078 0.00078 0.00078 
0.000785 0.000785 0.000785 0.000785 0.000785 0.000785 0.000785 0.000785 0.000785 0.000785 0.000785 0.000785 0.000785 0.000785 0.000785 0.000785 0.000785 0.000785 0.000785 0.000785 0.000785 0.000785 0.000785 0.000785 0.000785 0.000785 0.000785 0.000785 0.000785 0.000785 0.000785 0.000785 0.000785 0.000785 0.000785 0.000785 0.000785 0.000785 0.000785 0.000785 0.000785 0.000785 0.000785 0.000785 0.000785 0.000785 0.000785 0.000785 0.000785 0.000785 
0.00079 0.00079 0.00079 0.00079 0.00079 0.00079 0.00079 0.00079 0.00079 0.00079 0.00079 0.00079 0.00079 0.00079 0.00079 0.00079 0.00079 0.00079 0.00079 0.00079 0.00079 0.00079 0.00079 0.00079 0.00079 0.00079 0.00079 0.00079 0.00079 0.00079 0.00079 0.00079 0.00079 0.00079 0.00079 0.00079 0.00079 0.00079 0.00079 0.00079 0.00079 0.00079 0.00079 0.00079 0.00079 0.00079 0.00079 0.00079 0.00079 0.00079 
0.000795 0.000795 0.000795 0.000795 0.000795 0.000795 0.000795 0.000795 0.000795 0.000795 0.000795 0.000795 0.000795 0.000795 0.000795 0.000795 0.000795 0.000795 0.000795 0.000795 0.000795 0.000795 0.000795 0.000795 0.000795 0.000795 0.000795 0.000795 0.000795 0.000795 0.000795 0.000795 0.000795 0.000795 0.000795 0.000795 0.000795 0.000795 0.000795 0.000795 0.000795 0.000795 0.000795 0.000795 0.000795 0.000795 0.000795 0.000795 0.000795 0.000795 
0.0008 0.0008 0.0008 0.0008 0.0008 0.0008 0.0008 0.0008 0.0008 0.0008 0.0008 0.0008 0.0008 0.0008 0.0008 0.0008 0.0008 0.0008 0.0008 0.0008 0.0008 0.0008 0.0008 0.0008 0.0008 0.0008 0.0008 0.0008 0.0008 0.0008 0.0008 0.0008 0.0008 0.0008 0.0008 0.0008 0.0008 0.0008 0.0008 0.0008 0.0008 0.0008 0.0008 0.0008 0.0008 0.0008 0.0008 0.0008 0.0008 0.0008 
0.000805 0.000805 0.000805 0.000805 0.000805 0.000805 0.000805 0.000805 0.000805 0.000805 0.000805 0.000805 0.000805 0.000805 0.000805 0.000805 0.000805 0.000805 0.000805 0.000805 0.000805 0.000805 0.000805 0.000805 0.000805 0.000805 0.000805 0.000805 0.000805 0.000805 0.000805 0.000805 0.000805 0.000805 0.000805 0.000805 0.000805 0.000805 0.000805 0.000805 0.000805 0.000805 0.000805 0.000805 0.000805 0.000805 0.000805 0.000805 0.000805 0.000805 
0.00081 0.00081 0.00081 0.00081 0.00081 0.00081 0.00081 0.00081 0.00081 0.00081 0.00081 0.00081 0.00081 0.00081 0.00081 0.00081 0.00081 0.00081 0.00081 0.00081 0.00081 0.00081 0.00081 0.00081 0.00081 0.00081 0.00081 0.00081 0.00081 0.00081 0.00081 0.00081 0.00081 0.00081 0.00081 0.00081 0.00081 0.00081 0.00081 0.00081 0.00081 0.00081 0.00081 0.00081 0.00081 0.00081 0.00081 0.00081 0.00081 0.00081 
0.000815 0.000815 0.000815 0.000815 0.000815 0.000815 0.000815 0.000815 0.000815 0.000815 0.000815 0.000815 0.000815 0.000815 0.000815 0.000815 0.000815 0.000815 0.000815 0.000815 0.000815 0.000815 0.000815 0.000815 0.000815 0.000815 0.000815 0.000815 0.000815 0.000815 0.000815 0.000815 0.000815 0.000815 0.000815 0.000815 0.000815 0.000815 0.000815 0.000815 0.000815 0.000815 0.000815 0.000815 0.000815 0.000815 0.000815 0.000815 0.000815 0.000815 
0.00082 0.00082 0.00082 0.00082 0.00082 0.00082 0.00082 0.00082 0.00082 0.00082 0.00082 0.00082 0.00082 0.00082 0.00082 0.00082 0.00082 0.00082 0.00082 0.00082 0.00082 0.00082 0.00082 0.00082 0.00082 0.00082 0.00082 0.00082 0.00082 0.00082 0.00082 0.00082 0.00082 0.00082 0.00082 0.00082 0.00082 0.00082 0.00082 0.00082 0.00082 0.00082 0.00082 0.00082 0.00082 0.00082 0.00082 0.00082 0.00082 0.00082 
0.000825 0.000825 0.000825 0.000825 0.000825 0.000825 0.000825 0.000825 0.000825 0.000825 0.000825 0.000825 0.000825 0.000825 0.000825 0.000825 0.000825 0.000825 0.000825 0.000825 0.000825 0.000825 0.000825 0.000825 0.000825 0.000825 0.000825 0.000825 0.000825 0.000825 0.000825 0.000825 0.000825 0.000825 0.000825 0.000825 0.000825 0.000825 0.000825 0.000825 0.000825 0.000825 0.000825 0.000825 0.000825 0.000825 0.000825 0.000825 0.000825 0.000825 
0.00083 0.00083 0.00083 0.00083 0.00083 0.00083 0.00083 0.00083 0.00083 0.00083 0.00083 0.00083 0.00083 0.00083 0.00083 0.00083 0.00083 0.00083 0.00083 0.00083 0.00083 0.00083 0.00083 0.00083 0.00083 0.00083 0.00083 0.00083 0.00083 0.00083 0.00083 0.00083 0.00083 0.00083 0.00083 0.00083 0.00083 0.00083 0.00083 0.00083 0.00083 0.00083 0.00083 0.00083 0.00083 0.00083 0.00083 0.00083 0.00083 0.00083 
0.000835 0.000835 0.000835 0.000835 0.000835 0.000835 0.000835 0.000835 0.000835 0.000835 0.000835 0.000835 0.000835 0.000835 0.000835 0.000835 0.000835 0.000835 0.000835 0.000835 0.000835 0.000835 0.000835 0.000835 0.000835 0.000835 0.000835 0.000835 0.000835 0.000835 0.000835 0.000835 0.000835 0.000835 0.000835 0.000835 0.000835 0.000835 0.000835 0.000835 0.000835 0.000835 0.000835 0.000835 0.000835 0.000835 0.000835 0.000835 0.000835 0.000835 
0.00084 0.00084 0.00084 0.00084 0.00084 0.00084 0.00084 0.00084 0.00084 0.00084 0.00084 0.00084 0.00084 0.00084 0.00084 0.00084 0.00084 0.00084 0.00084 0.00084 0.00084 0.00084 0.00084 0.00084 0.00084 0.00084 0.00084 0.00084 0.00084 0.00084 0.00084 0.00084 0.00084 0.00084 0.00084 0.00084 0.00084 0.00084 0.00084 0.00084 0.00084 0.00084 0.00084 0.00084 0.00084 0.00084 0.00084 0.00084 0.00084 0.00084 
0.000845 0.000845 0.000845 0.000845 0.000845 0.000845 0.000845 0.000845 0.000845 0.000845 0.000845 0.000845 0.000845 0.000845 0.000845 0.000845 0.000845 0.000845 0.000845 0.000845 0.000845 0.000845 0.000845 0.000845 0.000845 0.000845 0.000845 0.000845 0.000845 0.000845 0.000845 0.000845 0.000845 0.000845 0.000845 0.000845 0.000845 0.000845 0.000845 0.000845 0.000845 0.000845 0.000845 0.000845 0.000845 0.000845 0.000845 0.000845 0.000845 0.000845 
0.00085 0.00085 0.00085 0.00085 0.00085 0.00085 0.00085 0.00085 0.00085 0.00085 0.00085 0.00085 0.00085 0.00085 0.00085 0.00085 0.00085 0.00085 0.00085 0.00085 0.00085 0.00085 0.00085 0.00085 0.00085 0.00085 0.00085 0.00085 0.00085 0.00085 0.00085 0.00085 0.00085 0.00085 0.00085 0.00085 0.00085 0.00085 0.00085 0.00085 0.00085 0.00085 0.00085 0.00085 0.00085 0.00085 0.00085 0.00085 0.00085 0.00085 
0.000855 0.000855 0.000855 0.000855 0.000855 0.000855 0.000855 0.000855 0.000855 0.000855 0.000855 0.000855 0.000855 0.000855 0.000855 0.000855 0.000855 0.000855 0.000855 0.000855 0.000855 0.000855 0.000855 0.000855 0.000855 0.000855 0.000855 0.000855 0.000855 0.000855 0.000855 0.000855 0.000855 0.000855 0.000855 0.000855 0.000855 0.000855 0.000855 0.000855 0.000855 0.000855 0.000855 0.000855 0.000855 0.000855 0.000855 0.000855 0.000855 0.000855 
0.00086 0.00086 0.00086 0.00086 0.00086 0.00086 0.00086 0.00086 0.00086 0.00086 0.00086 0.00086 0.00086 0.00086 0.00086 0.00086 0.00086 0.00086 0.00086 0.00086 0.00086 0.00086 0.00086 0.00086 0.00086 0.00086 0.00086 0.00086 0.00086 0.00086 0.00086 0.00086 0.00086 0.00086 0.00086 0.00086 0.00086 0.00086 0.00086 0.00086 0.00086 0.00086 0.00086 0.00086 0.00086 0.00086 0.00086 0.00086 0.00086 0.00086 
0.000865 0.000865 0.000865 0.000865 0.000865 0.000865 0.000865 0.000865 0.000865 0.000865 0.000865 0.000865 0.000865 0.000865 0.000865 0.000865 0.000865 0.000865 0.000865 0.000865 0.000865 0.000865 0.000865 0.000865 0.000865 0.000865 0.000865 0.000865 0.000865 0.000865 0.000865 0.000865 0.000865 0.000865 0.000865 0.000865 0.000865 0.000865 0.000865 0.000865 0.000865 0.000865 0.000865 0.000865 0.000865 0.000865 0.000865 0.000865 0.000865 0.000865 
0.00087 0.00087 0.00087 0.00087 0.00087 0.00087 0.00087 0.00087 0.00087 0.00087 0.00087 0.00087 0.00087 0.00087 0.00087 0.00087 0.00087 0.00087 0.00087 0.00087 0.00087 0.00087 0.00087 0.00087 0.00087 0.00087 0.00087 0.00087 0.00087 0.00087 0.00087 0.00087 0.00087 0.00087 0.00087 0.00087 0.00087 0.00087 0.00087 0.00087 0.00087 0.00087 0.00087 0.00087 0.00087 0.00087 0.00087 0.00087 0.00087 0.00087 
0.000875 0.000875 0.000875 0.000875 0.000875 0.000875 0.000875 0.000875 0.000875 0.000875 0.000875 0.000875 0.000875 0.000875 0.000875 0.000875 0.000875 0.000875 0.000875 0.000875 0.000875 0.000875 0.000875 0.000875 0.000875 0.000875 0.000875 0.000875 0.000875 0.000875 0.000875 0.000875 0.000875 0.000875 0.000875 0.000875 0.000875 0.000875 0.000875 0.000875 0.000875 0.000875 0.000875 0.000875 0.000875 0.000875 0.000875 0.000875 0.000875 0.000875 
0.00088 0.00088 0.00088 0.00088 0.00088 0.00088 0.00088 0.00088 0.00088 0.00088 0.00088 0.00088 0.00088 0.00088 0.00088 0.00088 0.00088 0.00088 0.00088 0.00088 0.00088 0.00088 0.00088 0.00088 0.00088 0.00088 0.00088 0.00088 0.00088 0.00088 0.00088 0.00088 0.00088 0.00088 0.00088 0.00088 0.00088 0.00088 0.00088 0.00088 0.00088 0.00088 0.00088 0.00088 0.00088 0.00088 0.00088 0.00088 0.00088 0.00088 
0.000885 0.000885 0.000885 0.000885 0.000885 0.000885 0.000885 0.000885 0.000885 0.000885 0.000885 0.000885 0.000885 0.000885 0.000885 0.000885 0.000885 0.000885 0.000885 0.000885 0.000885 0.000885 0.000885 0.000885 0.000885 0.000885 0.000885 0.000885 0.000885 0.000885 0.000885 0.000885 0.000885 0.000885 0.000885 0.000885 0.000885 0.000885 0.000885 0.000885 0.000885 0.000885 0.000885 0.000885 0.000885 0.000885 0.000885 0.000885 0.000885 0.000885 
0.00089 0.00089 0.00089 0.00089 0.00089 0.00089 0.00089 0.00089 0.00089 0.00089 0.00089 0.00089 0.00089 0.00089 0.00089 0.00089 0.00089 0.00089 0.00089 0.00089 0.00089 0.00089 0.00089 0.00089 0.00089 0.00089 0.00089 0.00089 0.00089 0.00089 0.00089 0.00089 0.00089 0.00089 0.00089 0.00089 0.00089 0.00089 0.00089 0.00089 0.00089 0.00089 0.00089 0.00089 0.00089 0.00089 0.00089 0.00089 0.00089 0.00089 
0.000895 0.000895 0.000895 0.000895 0.000895 0.000895 0.000895 0.000895 0.000895 0.000895 0.000895 0.000895 0.000895 0.000895 0.000895 0.000895 0.000895 0.000895 0.000895 0.000895 0.000895 0.000895 0.000895 0.000895 0.000895 0.000895 0.000895 0.000895 0.000895 0.000895 0.000895 0.000895 0.000895 0.000895 0.000895 0.000895 0.000895 0.000895 0.000895 0.000895 0.000895 0.000895 0.000895 0.000895 0.000895 0.000895 0.000895 0.000895 0.000895 0.000895 
0.0009 0.0009 0.0009 0.0009 0.0009 0.0009 0.0009 0.0009 0.0009 0.0009 0.0009 0.0009 0.0009 0.0009 0.0009 0.0009 0.0009 0.0009 0.0009 0.0009 0.0009 0.0009 0.0009 0.0009 0.0009 0.0009 0.0009 0.0009 0.0009 0.0009 0.0009 0.0009 0.0009 0.0009 0.0009 0.0009 0.0009 0.0009 0.0009 0.0009 0.0009 0.0009 0.0009 0.0009 0.0009 0.0009 0.0009 0.0009 0.0009 0.0009 
0.000905 0.000905 0.000905 0.000905 0.000905 0.000905 0.000905 0.000905 0.000905 0.000905 0.000905 0.000905 0.000905 0.000905 0.000905 0.000905 0.000905 0.000905 0.000905 0.000905 0.000905 0.000905 0.000905 0.000905 0.000905 0.000905 0.000905 0.000905 0.000905 0.000905 0.000905 0.000905 0.000905 0.000905 0.000905 0.000905 0.000905 0.000905 0.000905 0.000905 0.000905 0.000905 0.000905 0.000905 0.000905 0.000905 0.000905 0.000905 0.000905 0.000905 
0.00091 0.00091 0.00091 0.00091 0.00091 0.00091 0.00091 0.00091 0.00091 0.00091 0.00091 0.00091 0.00091 0.00091 0.00091 0.00091 0.00091 0.00091 0.00091 0.00091 0.00091 0.00091 0.00091 0.00091 0.00091 0.00091 0.00091 0.00091 0.00091 0.00091 0.00091 0.00091 0.00091 0.00091 0.00091 0.00091 0.00091 0.00091 0.00091 0.00091 0.00091 0.00091 0.00091 0.00091 0.00091 0.00091 0.00091 0.00091 0.00091 0.00091 
0.000915 0.000915 0.000915 0.000915 0.000915 0.000915 0.000915 0.000915 0.000915 0.000915 0.000915 0.000915 0.000915 0.000915 0.000915 0.000915 0.000915 0.000915 0.000915 0.000915 0.000915 0.000915 0.000915 0.000915 0.000915 0.000915 0.000915 0.000915 0.000915 0.000915 0.000915 0.000915 0.000915 0.000915 0.000915 0.000915 0.000915 0.000915 0.000915 0.000915 0.000915 0.000915 0.000915 0.000915 0.000915 0.000915 0.000915 0.000915 0.000915 0.000915 
0.00092 0.00092 0.00092 0.00092 0.00092 0.00092 0.00092 0.00092 0.00092 0.00092 0.00092 0.00092 0.00092 0.00092 0.00092 0.00092 0.00092 0.00092 0.00092 0.00092 0.00092 0.00092 0.00092 0.00092 0.00092 0.00092 0.00092 0.00092 0.00092 0.00092 0.00092 0.00092 0.00092 0.00092 0.00092 0.00092 0.00092 0.00092 0.00092 0.00092 0.00092 0.00092 0.00092 0.00092 0.00092 0.00092 0.00092 0.00092 0.00092 0.00092 
0.000925 0.000925 0.000925 0.000925 0.000925 0.000925 0.000925 0.000925 0.000925 0.000925 0.000925 0.000925 0.000925 0.000925 0.000925 0.000925 0.000925 0.000925 0.000925 0.000925 0.000925 0.000925 0.000925 0.000925 0.000925 0.000925 0.000925 0.000925 0.000925 0.000925 0.000925 0.000925 0.000925 0.000925 0.000925 0.000925 0.000925 0.000925 0.000925 0.000925 0.000925 0.000925 0.000925 0.000925 0.000925 0.000925 0.000925 0.000925 0.000925 0.000925 
0.00093 0.00093 0.00093 0.00093 0.00093 0.00093 0.00093 0.00093 0.00093 0.00093 0.00093 0.00093 0.00093 0.00093 0.00093 0.00093 0.00093 0.00093 0.00093 0.00093 0.00093 0.00093 0.00093 0.00093 0.00093 0.00093 0.00093 0.00093 0.00093 0.00093 0.00093 0.00093 0.00093 0.00093 0.00093 0.00093 0.00093 0.00093 0.00093 0.00093 0.00093 0.00093 0.00093 0.00093 0.00093 0.00093 0.00093 0.00093 0.00093 0.00093 
0.000935 0.000935 0.000935 0.000935 0.000935 0.000935 0.000935 0.000935 0.000935 0.000935 0.000935 0.000935 0.000935 0.000935 0.000935 0.000935 0.000935 0.000935 0.000935 0.000935 0.000935 0.000935 0.000935 0.000935 0.000935 0.000935 0.000935 0.000935 0.000935 0.000935 0.000935 0.000935 0.000935 0.000935 0.000935 0.000935 0.000935 0.000935 0.000935 0.000935 0.000935 0.000935 0.000935 0.000935 0.000935 0.000935 0.000935 0.000935 0.000935 0.000935 
0.00094 0.00094 0.00094 0.00094 0.00094 0.00094 0.00094 0.00094 0.00094 0.00094 0.00094 0.00094 0.00094 0.00094 0.00094 0.00094 0.00094 0.00094 0.00094 0.00094 0.00094 0.00094 0.00094 0.00094 0.00094 0.00094 0.00094 0.00094 0.00094 0.00094 0.00094 0.00094 0.00094 0.00094 0.00094 0.00094 0.00094 0.00094 0.00094 0.00094 0.00094 0.00094 0.00094 0.00094 0.00094 0.00094 0.00094 0.00094 0.00094 0.00094 
0.000945 0.000945 0.000945 0.000945 0.000945 0.000945 0.000945 0.000945 0.000945 0.000945 0.000945 0.000945 0.000945 0.000945 0.000945 0.000945 0.000945 0.000945 0.000945 0.000945 0.000945 0.000945 0.000945 0.000945 0.000945 0.000945 0.000945 0.000945 0.000945 0.000945 0.000945 0.000945 0.000945 0.000945 0.000945 0.000945 0.000945 0.000945 0.000945 0.000945 0.000945 0.000945 0.000945 0.000945 0.000945 0.000945 0.000945 0.000945 0.000945 0.000945 
0.00095 0.00095 0.00095 0.00095 0.00095 0.00095 0.00095 0.00095 0.00095 0.00095 0.00095 0.00095 0.00095 0.00095 0.00095 0.00095 0.00095 0.00095 0.00095 0.00095 0.00095 0.00095 0.00095 0.00095 0.00095 0.00095 0.00095 0.00095 0.00095 0.00095 0.00095 0.00095 0.00095 0.00095 0.00095 0.00095 0.00095 0.00095 0.00095 0.00095 0.00095 0.00095 0.00095 0.00095 0.00095 0.00095 0.00095 0.00095 0.00095 0.00095 
0.000955 0.000955 0.000955 0.000955 0.000955 0.000955 0.000955 0.000955 0.000955 0.000955 0.000955 0.000955 0.000955 0.000955 0.000955 0.000955 0.000955 0.000955 0.000955 0.000955 0.000955 0.000955 0.000955 0.000955 0.000955 0.000955 0.000955 0.000955 0.000955 0.000955 0.000955 0.000955 0.000955 0.000955 0.000955 0.000955 0.000955 0.000955 0.000955 0.000955 0.000955 0.000955 0.000955 0.000955 0.000955 0.000955 0.000955 0.000955 0.000955 0.000955 
0.00096 0.00096 0.00096 0.00096 0.00096 0.00096 0.00096 0.00096 0.00096 0.00096 0.00096 0.00096 0.00096 0.00096 0.00096 0.00096 0.00096 0.00096 0.00096 0.00096 0.00096 0.00096 0.00096 0.00096 0.00096 0.00096 0.00096 0.00096 0.00096 0.00096 0.00096 0.00096 0.00096 0.00096 0.00096 0.00096 0.00096 0.00096 0.00096 0.00096 0.00096 0.00096 0.00096 0.00096 0.00096 0.00096 0.00096 0.00096 0.00096 0.00096 
0.000965 0.000965 0.000965 0.000965 0.000965 0.000965 0.000965 0.000965 0.000965 0.000965 0.000965 0.000965 0.000965 0.000965 0.000965 0.000965 0.000965 0.000965 0.000965 0.000965 0.000965 0.000965 0.000965 0.000965 0.000965 0.000965 0.000965 0.000965 0.000965 0.000965 0.000965 0.000965 0.000965 0.000965 0.000965 0.000965 0.000965 0.000965 0.000965 0.000965 0.000965 0.000965 0.000965 0.000965 0.000965 0.000965 0.000965 0.000965 0.000965 0.000965 
0.00097 0.00097 0.00097 0.00097 0.00097 0.00097 0.00097 0.00097 0.00097 0.00097 0.00097 0.00097 0.00097 0.00097 0.00097 0.00097 0.00097 0.00097 0.00097 0.00097 0.00097 0.00097 0.00097 0.00097 0.00097 0.00097 0.00097 0.00097 0.00097 0.00097 0.00097 0.00097 0.00097 0.00097 0.00097 0.00097 0.00097 0.00097 0.00097 0.00097 0.00097 0.00097 0.00097 0.00097 0.00097 0.00097 0.00097 0.00097 0.00097 0.00097 
0.000975 0.000975 0.000975 0.000975 0.000975 0.000975 0.000975 0.000975 0.000975 0.000975 0.000975 0.000975 0.000975 0.000975 0.000975 0.000975 0.000975 0.000975 0.000975 0.000975 0.000975 0.000975 0.000975 0.000975 0.000975 0.000975 0.000975 0.000975 0.000975 0.000975 0.000975 0.000975 0.000975 0.000975 0.000975 0.000975 0.000975 0.000975 0.000975 0.000975 0.000975 0.000975 0.000975 0.000975 0.000975 0.000975 0.000975 0.000975 0.000975 0.000975 
0.00098 0.00098 0.00098 0.00098 0.00098 0.00098 0.00098 0.00098 0.00098 0.00098 0.00098 0.00098 0.00098 0.00098 0.00098 0.00098 0.00098 0.00098 0.00098 0.00098 0.00098 0.00098 0.00098 0.00098 0.00098 0.00098 0.00098 0.00098 0.00098 0.00098 0.00098 0.00098 0.00098 0.00098 0.00098 0.00098 0.00098 0.00098 0.00098 0.00098 0.00098 0.00098 0.00098 0.00098 0.00098 0.00098 0.00098 0.00098 0.00098 0.00098 
0.000985 0.000985 0.000985 0.000985 0.000985 0.000985 0.000985 0.000985 0.000985 0.000985 0.000985 0.000985 0.000985 0.000985 0.000985 0.000985 0.000985 0.000985 0.000985 0.000985 0.000985 0.000985 0.000985 0.000985 0.000985 0.000985 0.000985 0.000985 0.000985 0.000985 0.000985 0.000985 0.000985 0.000985 0.000985 0.000985 0.000985 0.000985 0.000985 0.000985 0.000985 0.000985 0.000985 0.000985 0.000985 0.000985 0.000985 0.000985 0.000985 0.000985 
0.00099 0.00099 0.00099 0.00099 0.00099 0.00099 0.00099 0.00099 0.00099 0.00099 0.00099 0.00099 0.00099 0.00099 0.00099 0.00099 0.00099 0.00099 0.00099 0.00099 0.00099 0.00099 0.00099 0.00099 0.00099 0.00099 0.00099 0.00099 0.00099 0.00099 0.00099 0.00099 0.00099 0.00099 0.00099 0.00099 0.00099 0.00099 0.00099 0.00099 0.00099 0.00099 0.00099 0.00099 0.00099 0.00099 0.00099 0.00099 0.00099 0.00099 
0.000995 0.000995 0.000995 0.000995 0.000995 0.000995 0.000995 0.000995 0.000995 0.000995 0.000995 0.000995 0.000995 0.000995 0.000995 0.000995 0.000995 0.000995 0.000995 0.000995 0.000995 0.000995 0.000995 0.000995 0.000995 0.000995 0.000995 0.000995 0.000995 0.000995 0.000995 0.000995 0.000995 0.000995 0.000995 0.000995 0.000995 0.000995 0.000995 0.000995 0.000995 0.000995 0.000995 0.000995 0.000995 0.000995 0.000995 0.000995 0.000995 0.000995 
